source,target,weight
0,1,7.718984
2,3,4.624629
4,5,5.451566
6,7,7.613300
8,9,5.928194
10,11,6.839154
12,13,6.153446
14,15,6.598461
16,17,7.279858
18,19,4.677942
20,21,7.070460
22,23,5.242153
24,25,6.136765
26,27,6.036176
28,29,6.489005
30,31,5.983854
32,33,5.782697
34,35,6.393892
36,37,6.275032
38,39,7.767715
40,41,6.482413
42,43,5.337104
44,45,5.634181
46,47,6.848089
48,49,3.671060
50,45,7.293018
51,52,5.697726
53,54,5.266515
55,56,7.853366
57,58,4.959064
59,60,6.947062
61,23,7.224351
62,63,5.883889
64,65,4.733858
66,67,8.470877
68,69,5.542974
70,71,5.683277
72,73,6.302670
74,75,6.514415
76,77,6.584776
78,79,5.975601
80,78,6.423519
81,82,4.017723
83,84,1.874030
85,86,6.352393
87,23,6.029728
88,89,4.877941
90,91,4.591896
92,93,7.200956
94,95,2.456324
48,96,4.345132
97,98,5.699940
99,100,6.629609
101,102,6.305246
103,104,5.446644
105,106,7.057446
107,108,5.358129
109,110,7.466859
111,112,5.189221
113,114,4.307029
115,116,6.277236
117,118,2.622251
119,95,2.578666
120,121,6.813932
122,123,5.874938
124,125,3.232593
126,127,3.893266
128,129,6.446738
130,131,6.844033
132,133,5.369071
134,135,5.530077
136,137,5.489245
138,139,6.215508
140,141,7.229240
142,143,5.068090
144,145,5.489436
146,147,6.401900
148,106,6.648679
149,150,6.701260
151,152,5.843269
143,153,4.512311
154,73,6.124024
155,156,6.639125
157,158,4.783436
31,159,5.961192
160,26,7.144802
161,162,7.253613
163,164,2.848225
165,166,7.029549
167,168,5.215583
169,170,6.177571
171,172,7.802856
173,174,6.159489
175,89,6.278938
176,177,5.744216
178,179,6.914361
180,181,6.097259
162,182,6.348277
183,184,7.551752
185,186,5.834124
187,188,5.211148
189,190,5.051536
191,192,3.999021
193,194,6.338873
195,196,6.796784
197,198,8.550064
199,200,4.857542
201,202,5.636683
203,204,4.679085
205,206,5.541240
207,208,7.707768
209,4,7.547032
210,211,8.759116
212,213,6.781531
214,117,2.410929
54,215,4.931888
216,217,2.737909
218,219,6.296801
220,221,5.699318
222,223,6.478904
224,225,7.228618
226,227,4.696726
228,229,2.652419
230,231,5.366668
232,233,6.208342
234,235,6.739729
236,237,4.575620
238,239,5.707445
240,241,2.696046
242,243,4.842285
244,245,6.209459
246,247,5.189990
248,249,5.506910
250,251,6.412343
252,253,7.276912
254,110,7.706393
255,256,6.269062
257,258,5.797300
259,260,7.406137
261,262,7.260797
263,264,8.809176
265,266,4.988711
74,267,6.397975
187,268,5.187813
269,270,7.962806
271,272,6.817260
273,274,6.771379
275,276,4.141054
277,278,6.341197
279,280,7.068264
281,282,6.139724
283,284,5.264222
285,5,5.954443
286,287,4.732676
288,179,5.111284
289,290,8.894087
291,170,6.173044
42,108,5.433190
292,293,6.312531
294,42,5.875703
295,296,6.131339
297,298,6.269748
299,200,4.531728
298,300,4.832873
301,276,4.174712
302,217,3.156668
265,303,6.230778
304,305,8.254256
306,45,4.010973
307,308,5.123651
309,310,7.073883
311,312,6.753308
313,314,4.356547
315,316,7.073150
317,234,5.750047
59,248,5.369483
318,319,6.882867
208,320,7.841065
321,322,4.462078
323,324,4.606777
325,326,6.568563
306,44,4.872859
327,328,6.806502
329,330,5.206334
331,316,5.886849
332,333,4.664089
334,335,5.688032
336,337,2.989285
338,339,7.601598
340,341,4.867496
146,258,6.702663
342,343,6.497962
344,345,4.618303
346,347,5.426031
348,103,5.123927
349,350,5.533174
351,352,5.194612
353,354,6.813333
355,356,3.012342
357,358,6.253173
359,360,6.869399
361,362,7.165646
363,364,6.742152
365,366,6.853108
367,368,2.376179
369,370,5.981662
197,371,10.609453
372,373,3.308582
374,79,6.547807
375,376,5.110483
377,17,7.481129
378,379,4.839276
176,122,4.617790
380,381,3.046557
382,383,6.245846
384,385,4.606830
386,387,4.744698
388,389,5.398713
390,391,6.701271
392,393,6.880659
394,395,6.496870
396,397,6.625598
398,204,4.069916
399,400,6.974186
401,402,5.934494
403,404,8.190145
310,405,4.796648
406,373,3.307815
407,288,5.219711
408,409,7.292239
410,411,7.116315
412,413,4.295231
414,415,4.855363
416,417,2.791730
418,419,6.243400
420,421,5.627861
422,423,6.224888
294,424,5.827848
425,296,6.744985
396,426,6.786501
427,428,7.868176
429,430,6.088907
290,431,7.317022
432,433,3.154511
434,191,3.982219
435,436,6.379430
437,131,8.961895
438,439,6.156617
440,441,4.824152
442,443,7.264258
70,444,5.761608
445,446,7.648077
267,326,6.601195
447,448,6.841578
449,450,7.151246
451,119,2.071223
452,453,2.564700
454,455,7.971097
456,457,6.237312
412,458,4.523780
459,460,5.249195
461,462,4.368195
463,464,5.855201
287,465,5.147737
135,166,5.939733
119,466,2.564274
467,468,2.255550
469,470,4.053426
170,471,6.166325
472,473,4.887077
474,475,6.858065
476,325,6.701771
477,478,2.965694
479,480,2.206460
481,482,5.145575
483,484,6.401343
485,486,6.120506
487,488,11.536405
489,490,6.255599
181,491,5.397268
492,493,6.919263
2,494,3.457142
495,177,5.817902
496,497,5.935575
498,224,7.108045
499,500,7.274788
185,501,4.205343
502,405,5.193121
496,503,5.462197
504,505,6.286497
506,507,7.713649
508,509,3.694151
182,300,5.497157
510,98,5.306361
511,512,8.919807
513,310,4.311695
246,514,6.185878
515,516,6.496444
517,518,7.374116
519,520,3.317283
521,522,6.193041
523,172,7.625106
524,525,6.073073
526,527,6.172558
528,273,5.965058
529,530,9.122095
531,532,6.076036
533,534,6.609571
338,535,6.394670
536,537,6.454297
538,539,5.181867
420,105,5.688527
485,138,5.629264
540,541,5.129879
542,25,6.394504
543,464,5.756946
138,544,6.309676
545,546,7.397791
513,547,5.695551
548,549,5.038301
550,551,5.426615
552,553,7.262672
554,119,2.286328
65,115,5.122310
308,555,5.156647
556,557,4.168788
126,217,2.367842
558,559,5.337759
412,237,4.746900
560,561,5.400328
42,540,4.905074
562,512,8.244072
563,564,6.145974
306,565,4.864131
566,32,6.517058
567,568,6.722613
569,310,5.176181
570,571,7.101711
572,573,7.234986
574,575,8.236901
576,577,2.825302
314,578,5.243992
579,544,6.892475
580,150,6.956180
137,581,6.920670
582,111,6.207933
583,584,7.173272
529,585,9.172780
586,587,7.321621
588,324,5.739111
124,453,2.415030
589,590,7.467453
189,591,5.660545
592,593,6.215995
594,595,3.202995
596,115,6.625629
597,598,2.554317
599,600,4.940087
601,602,5.886395
603,604,6.429425
605,606,5.202237
607,608,5.405624
609,610,5.029644
611,612,4.687987
613,614,6.004541
615,426,5.457657
616,617,6.324189
584,618,7.123881
619,620,4.065844
621,622,5.250909
623,624,5.938360
625,626,2.461961
627,628,6.428141
629,630,4.964680
631,632,2.665773
366,571,7.331998
633,634,7.029662
635,636,2.294493
637,174,4.867329
638,249,5.699572
639,640,8.059826
566,641,6.190846
642,546,7.919247
643,644,5.379395
53,645,5.447972
646,647,3.718179
447,562,7.160331
648,649,4.079010
650,47,6.480312
126,651,3.775352
652,335,5.578512
85,574,6.006644
653,654,6.234860
655,245,5.616433
656,657,6.320750
658,659,6.820259
660,360,5.644087
661,662,4.408075
368,663,6.446806
664,454,7.940576
665,666,7.099375
291,667,6.691750
668,608,6.493331
175,88,5.020380
669,670,5.786285
671,672,7.230114
673,674,6.932428
168,675,4.383033
676,677,5.438240
678,22,6.793384
446,537,6.787969
679,680,7.581741
681,682,7.074285
683,455,7.967458
285,123,6.941998
684,685,8.515719
686,687,5.334033
655,688,6.799759
446,689,5.451700
690,175,5.649290
592,691,5.368047
582,692,7.989330
693,694,6.484950
695,696,5.923378
697,698,7.123324
570,699,7.060062
700,701,6.410111
702,166,5.684497
703,441,4.769192
704,705,6.751691
706,707,6.895298
708,408,7.357881
709,322,3.799223
330,470,4.805903
710,711,5.561402
12,230,5.490584
712,511,6.590961
713,586,6.896420
281,714,3.198486
120,715,6.938096
580,716,6.178339
582,717,6.591269
143,718,4.686250
140,719,7.878487
720,721,6.734555
722,723,5.301621
111,724,6.109687
725,726,5.909120
65,727,5.801193
728,729,5.849879
730,731,7.085238
732,100,6.168867
733,734,3.861640
735,736,4.117072
246,662,4.107184
737,738,7.075878
739,740,7.040074
100,741,5.160649
742,743,6.284290
410,744,7.783442
745,316,5.598944
711,202,5.684116
746,233,5.364155
747,645,4.020545
748,749,6.846319
750,751,5.655655
752,753,6.357335
499,754,6.705496
455,544,7.056733
755,419,6.241338
756,757,8.767993
643,758,7.693210
759,760,5.988866
697,641,5.725514
576,761,2.953636
762,230,5.183534
763,764,7.125732
765,766,5.607371
278,767,6.439178
768,769,7.086811
770,727,6.518565
771,509,4.356077
772,773,6.617852
774,378,4.475749
775,776,5.509896
777,778,6.670819
779,780,5.892792
781,782,5.059649
783,784,2.854339
785,786,6.765545
787,788,5.909043
789,790,6.287029
791,792,4.946068
793,794,3.413700
370,333,5.436458
795,796,4.523782
62,797,4.788253
798,192,5.105997
193,799,6.346482
736,103,4.775413
498,800,6.625695
621,801,4.246932
802,803,6.195840
725,804,6.766556
805,806,7.570229
302,807,3.317262
808,293,6.758255
809,159,6.437423
810,811,5.296527
812,813,5.805078
814,815,6.515626
583,140,7.209627
816,817,6.260537
248,203,4.729088
818,819,5.322059
397,587,6.811743
820,821,2.531946
696,822,5.701643
823,264,7.748010
824,754,6.724157
388,825,3.216901
826,780,6.049721
571,358,5.966541
212,827,6.236938
828,829,4.658541
148,830,7.684131
616,628,6.406715
831,832,5.981602
176,285,5.621738
443,833,8.360593
834,372,2.929992
835,836,6.791710
234,837,6.862789
171,838,6.764764
149,839,5.791007
840,841,5.243816
842,843,6.004908
844,845,4.334850
846,518,7.714401
681,411,7.505854
847,848,6.707900
849,850,5.028639
851,852,7.887507
565,846,6.232441
853,854,5.046510
855,487,5.781419
678,131,6.828448
856,188,2.757970
184,857,7.622664
858,859,4.520081
860,861,5.057276
56,862,6.632866
567,718,6.436566
863,47,6.427513
864,865,7.059518
386,866,7.877897
867,644,7.112414
868,69,5.319603
251,544,6.130843
869,870,3.488592
472,871,7.027182
872,480,3.276946
873,312,6.554044
83,874,2.054674
875,3,4.538319
876,242,6.163939
877,878,7.342218
879,880,6.223590
204,881,4.656349
882,883,4.323746
452,794,2.476954
884,625,3.599180
259,573,7.009084
885,886,6.017685
887,595,3.404437
888,889,3.068742
122,813,5.311001
890,891,5.651659
892,703,6.136955
20,893,7.071784
894,468,2.969943
537,689,6.634017
895,896,6.717597
897,898,6.464863
899,170,7.261664
108,555,4.978477
900,450,6.155141
901,902,6.959696
903,904,6.356802
138,182,5.810251
609,905,7.729034
431,67,7.000567
906,907,5.938506
908,909,5.236846
910,667,6.244391
911,158,5.469776
479,912,2.685951
26,913,5.213870
459,914,7.285587
915,916,5.405188
917,423,6.093922
8,918,5.463060
919,920,7.258299
336,480,1.587397
624,638,5.841444
121,166,5.130134
905,921,7.061365
283,922,5.917182
923,162,7.426888
747,924,4.311984
755,925,6.360938
926,803,6.088734
927,376,5.752154
928,929,7.342275
779,557,3.554865
858,930,5.563569
931,932,5.871030
933,934,5.647748
650,935,6.480516
337,241,2.909511
936,98,6.908394
937,938,3.948305
664,403,5.562984
212,895,5.940164
872,466,3.151368
101,939,6.176388
250,940,5.976017
333,941,4.508226
942,943,6.272073
815,921,5.982643
944,525,7.329676
552,945,7.181160
669,242,4.703655
946,947,6.052099
363,948,5.855943
410,530,6.081903
908,600,4.638911
949,600,4.815352
950,951,5.686391
349,952,5.482905
953,716,7.369623
251,403,7.656936
954,687,6.570770
651,217,3.858174
357,760,7.091296
121,266,5.961558
507,955,7.412429
856,229,2.492190
956,957,5.313149
958,959,4.868846
735,960,4.611235
961,400,6.523242
8,962,5.054194
532,543,6.142931
278,963,6.226252
964,323,4.454257
341,965,7.504319
620,158,4.114215
789,966,5.518992
967,2,5.212489
229,968,1.934001
969,970,6.569000
610,971,6.541729
533,972,4.948156
973,480,1.749552
226,974,5.272484
975,767,6.660763
779,465,4.795621
976,977,7.596920
709,978,3.957354
979,691,6.820289
89,60,6.788504
980,177,5.982110
981,802,5.181109
948,462,5.607770
982,460,5.409843
983,984,7.206470
985,986,2.548830
513,560,5.353200
209,987,7.454334
521,540,5.469295
988,989,7.924090
268,117,2.368442
469,990,4.099698
86,760,5.523564
688,196,7.301059
398,991,5.113955
992,969,6.077127
993,314,5.138044
994,106,6.487962
995,996,4.794384
534,997,7.402029
998,603,6.018941
525,999,6.382676
1000,675,4.646369
1001,785,7.396420
1002,1003,5.468772
1004,1005,4.735198
1006,251,8.352125
111,1007,8.735230
149,1008,6.368787
1009,990,4.787387
1010,234,6.791433
1011,640,6.682928
1012,1013,6.767281
724,832,5.837035
1014,1015,7.589167
839,1016,8.553041
1017,859,4.551757
1018,1019,1.995971
974,1020,5.713358
453,794,2.416908
1021,729,6.483422
199,1022,6.049814
452,1023,2.342463
1024,1000,4.843285
1025,1026,7.594017
301,1027,6.837212
1028,810,4.248027
1029,693,6.870234
1030,31,5.734689
1031,1032,3.799043
1033,462,5.122909
533,1034,5.707722
1035,1036,3.182659
503,810,3.976318
816,1037,6.933644
317,1038,6.394838
1039,1040,7.183594
1041,1040,8.077242
1042,1043,5.554875
1044,1045,2.101262
250,1046,6.303078
373,468,3.074477
472,1047,5.320490
1048,135,5.996756
1049,521,4.711306
384,376,4.593327
1050,1051,8.886623
821,1052,6.452505
1053,1054,6.464101
689,836,5.893319
1055,1056,6.265525
65,1057,5.319710
1058,1059,6.322529
1060,866,7.741047
903,525,6.233951
1061,1062,7.398319
1063,244,6.362561
1064,352,5.593250
1065,1066,8.039933
1067,1068,6.011749
1049,1069,5.114997
1070,1071,6.273461
1072,1073,5.096980
1074,1075,3.800395
1076,1077,7.152295
111,692,8.311913
1078,546,6.909241
1079,1080,2.507579
1081,1082,5.248077
710,1083,6.921257
616,849,5.705330
496,1084,4.983808
643,1085,5.393350
1086,1087,6.630393
1088,605,6.798514
1089,578,5.588037
1090,776,6.476925
1091,156,5.618640
440,1092,10.498202
918,1093,5.009517
413,1094,4.371443
1095,888,1.980501
1096,1097,5.811713
797,63,6.419143
378,991,5.367232
49,1098,3.712862
1099,1100,2.770382
206,1101,5.237466
677,1102,5.703917
353,1103,7.241625
1104,1105,5.305590
1106,1107,7.727087
1108,388,3.327984
561,193,5.720869
1109,1110,6.921783
1111,211,8.492016
1112,310,6.117832
795,314,4.676174
1113,131,6.575094
24,943,5.442475
903,593,5.263920
951,1114,5.639272
1115,200,4.897170
47,1116,7.203879
116,1117,6.943161
440,1118,4.729613
796,1119,5.042910
226,1120,4.784960
1121,100,6.180415
291,1122,6.647164
6,840,5.109786
329,1123,4.297118
1124,878,7.245963
641,1125,5.894377
1126,509,5.191222
1127,1128,6.486769
144,1129,5.615537
1130,198,8.829012
939,960,4.261277
1131,1132,3.139161
869,216,1.896256
1133,1134,4.285602
1135,233,3.996940
1136,921,6.990164
650,1137,6.444674
1108,1031,4.242164
1138,670,4.589319
1139,1140,7.407607
656,1141,6.055722
1142,723,6.584789
940,999,4.978048
317,1143,7.256989
1144,1145,7.097763
329,1146,5.261241
110,836,7.427807
1147,1148,6.605793
392,1149,6.279677
1150,1019,1.949217
336,973,2.346091
753,193,6.022960
1151,1152,5.115118
1074,1153,4.525144
660,720,6.373770
182,593,6.123830
52,288,4.705072
1154,450,6.715799
1155,894,3.076135
271,1156,5.667161
1157,131,5.829998
655,559,5.275118
1158,709,3.775253
1159,633,5.962624
1133,114,4.228826
80,659,6.940193
160,754,7.183260
467,626,2.659836
1160,1161,5.518907
183,1162,7.113122
1163,217,6.859632
597,1164,3.166231
540,1084,3.934319
1165,249,5.595904
380,1166,2.536837
197,1167,8.874439
737,1142,7.089139
1094,675,4.218502
1012,1168,6.051170
1169,1170,7.028701
1171,1172,5.527133
887,433,3.211997
147,966,5.863282
884,820,3.647618
489,1173,6.293151
607,437,8.621578
735,959,4.689514
1174,1175,5.672085
1176,262,7.577930
143,1090,4.570564
1177,103,5.971984
486,397,7.440171
855,1178,6.112899
735,854,4.816180
24,791,4.462704
1068,1179,6.304516
1180,889,3.065591
1160,1043,5.596426
1181,702,5.308018
1182,1183,6.683048
341,853,4.886029
1184,1185,5.939790
676,1102,4.862530
631,1186,2.821832
1187,1188,9.178250
594,433,2.505048
619,158,5.552704
241,1189,2.131051
1190,405,7.217312
1191,1190,7.351489
1192,217,5.898585
1118,1092,5.836427
1193,1194,8.709540
318,650,6.810405
1195,37,5.588633
519,1196,2.768169
1197,935,6.875529
1198,1199,5.411314
1200,1113,6.697232
1201,922,6.734382
1202,949,4.854528
891,77,4.937174
860,164,5.089262
1203,290,7.589918
1204,1205,6.457829
195,440,5.492345
385,376,4.762693
1206,969,6.169470
1207,595,4.012183
1208,1209,5.243469
320,546,6.378428
418,1210,6.579573
1115,747,5.105739
742,1211,6.171915
287,1212,5.239004
1112,1213,4.770373
1214,1215,6.005238
1065,1216,7.032303
1217,689,8.196154
505,1218,4.731254
789,852,5.385857
691,1219,6.743689
1220,1221,5.762286
422,1222,5.478121
1223,337,3.013089
52,1224,4.978908
252,86,5.786012
131,1225,7.805403
1226,649,4.743116
982,459,5.928257
1227,1228,4.823422
529,866,9.146627
1229,1230,6.837837
1231,381,5.899157
686,1232,5.538831
1233,1234,4.267598
1235,1236,5.828126
1175,1237,6.556869
565,1238,4.917736
1239,1137,6.632586
1240,510,5.391845
180,1241,6.098845
461,104,6.114030
647,1242,2.214121
636,229,2.027796
1243,67,7.991438
228,1244,2.354366
1245,1118,6.765232
976,1051,9.039549
704,1246,6.454506
1247,1248,7.119159
1249,1250,6.685774
1251,383,6.591596
1203,1252,7.149655
1209,946,7.420096
144,3,5.454382
1253,944,7.455691
1254,1255,8.387418
1256,1257,4.912642
1258,1117,5.124159
1259,1229,7.378912
1260,1232,5.646371
1261,491,5.000160
1197,1262,7.903834
1263,947,7.913391
1264,2,6.141625
1025,924,7.830194
1042,1265,4.847563
1266,117,2.398420
162,1267,6.545273
1268,839,5.344084
1269,597,7.493058
1270,1271,6.106414
981,1272,4.108305
1273,350,5.626820
710,439,5.942619
1274,1275,5.923878
1276,1277,6.940737
1278,1279,7.093640
105,1280,5.368404
87,1281,6.345755
141,174,6.627154
621,1282,4.246324
1076,1283,6.982377
1284,1285,6.095899
1286,1260,6.526435
314,796,3.709139
1287,1288,5.959686
1184,158,5.452087
86,759,6.383257
87,678,5.921981
1289,118,2.644682
642,1290,7.263342
33,159,6.308120
297,132,5.923299
1291,1109,6.290058
1202,168,4.882603
1256,69,5.488531
1292,71,5.691272
1293,1294,2.713624
189,1273,4.654388
1286,1295,6.790755
52,849,5.303743
1296,1297,9.012581
531,543,6.202325
1298,1299,2.663478
1300,108,5.381458
583,931,7.247161
133,842,6.143564
568,1301,5.674496
1302,298,6.222277
1303,1223,2.603340
1304,1305,7.420456
871,1306,6.209517
340,1115,4.234615
1233,1307,6.701135
1308,1309,6.078221
1180,1310,2.664832
1311,1154,7.253037
1312,1313,7.559031
474,558,5.415361
1314,796,4.600416
1315,1316,4.333315
111,100,5.709512
1317,1318,6.408926
1319,990,5.592857
1320,1123,4.425646
665,481,6.139646
696,421,5.140720
206,539,5.554163
1218,509,4.881981
1321,186,6.215076
115,1117,5.127152
1278,1322,4.400192
1323,314,5.108797
1324,1325,6.158906
1326,111,7.065581
284,491,5.431509
1327,1328,7.262097
910,1329,6.147810
1274,1000,5.398396
228,1294,3.027138
1330,1331,4.962471
1321,482,5.400131
1332,1333,5.614072
1149,393,5.647289
1334,1335,2.455331
242,1178,6.287938
1336,1024,5.291867
357,546,6.003207
350,1179,6.321094
1337,1338,7.483331
139,1339,6.709696
954,1340,6.325055
224,1341,6.176767
1342,711,6.735502
191,1134,4.403164
1343,1344,7.502211
714,1345,3.167630
1346,1213,5.808639
1347,810,5.434727
1308,1348,6.485181
394,810,4.576810
621,1060,5.060122
979,1349,7.458142
1350,360,7.248841
53,747,5.411345
1351,360,5.493870
434,1133,4.290605
1352,1353,8.000717
355,81,3.324295
945,79,5.910195
1354,1355,5.213617
1256,868,5.205138
693,29,5.771967
1356,1357,6.286670
1358,1147,6.179093
662,1359,4.800895
13,907,6.414552
261,400,6.885681
1360,760,6.911559
1361,1362,6.381856
1363,1364,6.399504
58,179,5.542212
453,164,2.781435
1028,1084,4.654487
1304,1215,5.894381
246,1359,3.881392
1365,27,6.578569
1366,352,5.967251
1367,760,7.683092
189,1068,6.062150
1368,135,7.435618
197,1130,6.546976
1369,1370,6.609999
136,1008,6.355179
1001,1371,7.502300
1162,1372,6.408895
297,1174,6.129598
263,1373,8.533361
908,167,4.493293
978,1374,4.839870
180,1375,5.933692
1130,1167,8.082788
1376,138,5.641832
986,1080,2.559886
263,1377,6.947289
466,1378,3.750551
254,729,4.965308
410,316,6.785091
1379,1380,5.475834
1186,1381,2.141338
1382,1383,6.368909
1384,122,6.642391
1017,441,4.769670
503,1385,6.435346
390,1386,6.639581
279,1387,6.768394
538,1388,5.798536
6,1389,6.405739
1390,1391,4.764249
1392,23,7.224376
937,825,3.807443
1081,1393,6.876288
236,1394,4.802537
1395,354,7.381662
1144,1396,7.242045
1397,1398,7.285375
1399,365,6.374654
403,1400,7.669621
1401,984,5.658455
1251,992,6.052481
84,1402,3.625498
1293,1244,1.731136
1403,614,7.197248
1404,1237,6.897739
535,1219,6.851554
1323,795,4.952719
1405,861,3.150382
1406,1242,1.682070
1407,1408,6.505998
1075,323,4.240931
498,573,6.671771
1409,867,7.529597
1410,1043,5.345882
1085,1411,6.384059
1412,406,2.584950
810,541,4.925926
814,769,6.848676
1413,1414,6.005784
1415,585,6.574278
652,42,5.926597
701,1416,7.813118
1417,864,6.953659
1418,397,7.116279
258,1419,6.573452
401,1420,7.420113
636,856,2.394441
1054,1421,7.273904
1422,276,5.691731
1216,7,6.941566
1423,1419,6.840995
1424,1229,6.456610
691,1425,5.411688
704,933,4.816753
919,304,7.078565
1426,1427,5.923537
59,991,5.787485
814,864,6.740677
939,1428,5.067888
535,1429,6.420752
806,1071,7.809954
125,1430,2.938213
1431,1432,7.119493
1433,1434,7.975456
342,1435,6.924545
1099,117,2.141751
1018,519,2.160439
1159,1436,5.991835
57,179,5.144147
1392,1437,6.951334
1438,852,7.045387
574,1344,6.070354
1439,26,5.221355
885,1440,6.015477
1441,1383,6.635888
1442,1443,6.983508
1444,864,7.036055
1445,1249,6.519647
1446,1447,6.470900
967,494,4.861053
434,192,2.903593
280,1338,7.551288
1448,1449,6.082855
1450,1242,2.909947
673,1451,6.636293
80,15,6.743792
451,1430,2.252807
713,249,6.256329
1452,1453,6.484908
261,610,5.862109
398,774,5.058565
1454,557,4.335792
1198,1151,5.048495
1455,1456,6.460292
12,1457,5.868797
237,1394,4.786334
1270,43,6.106604
705,1092,6.193929
640,231,5.638888
438,766,7.193478
1458,594,3.646983
1459,1460,6.502352
1461,1387,5.388749
827,1462,6.996859
1463,1140,5.494434
1317,312,6.400586
1095,1464,4.634007
1465,409,7.281575
1224,288,4.709040
465,1212,5.287272
314,1466,4.786983
996,1232,5.498559
189,1179,6.068859
1172,1467,5.532925
910,256,6.588789
1308,1358,6.161936
1468,80,6.074679
1469,185,5.047545
926,1250,6.354808
881,379,5.417211
886,1234,5.079596
1470,1471,4.719805
1472,1359,4.811378
541,335,5.279358
1473,849,6.013823
1474,644,3.698875
120,303,6.701149
1212,395,5.961586
1475,356,5.552547
1455,1476,6.665097
1477,1034,8.302521
960,1478,4.177443
24,942,5.924888
213,1383,6.635643
1479,483,4.451381
570,1426,5.457887
615,1425,6.391900
1423,258,5.993380
1480,1205,5.996382
1481,1267,7.944993
556,1084,5.195217
1482,1483,6.098488
792,829,5.254666
167,1484,4.484466
1415,1295,4.873781
1371,511,6.006617
1485,1087,7.094791
763,1429,6.592333
1185,1486,6.252233
1487,402,5.805316
189,1488,5.220243
656,800,6.197728
1489,285,5.102459
778,388,7.124684
1490,666,7.171649
530,1491,7.498612
949,1492,6.370675
1427,575,8.033546
1493,1494,6.433999
1495,1496,5.394291
392,397,6.590665
1156,272,6.974426
1497,776,6.779202
1174,1433,7.272452
882,237,4.545118
1376,1498,6.076312
1169,1337,7.609280
300,957,5.740245
810,1385,6.315850
429,1471,6.228502
1499,1500,7.908653
136,231,5.339438
1501,1502,5.272630
418,1503,6.151173
1504,761,3.210409
114,1505,4.249272
1348,1506,5.953022
708,1194,8.105548
959,463,6.096319
1369,941,6.338386
1507,751,4.433301
1081,1432,6.833710
1508,1174,6.689710
1509,1510,7.215535
873,729,6.053497
407,491,5.251726
1453,1511,6.918080
124,887,3.550313
435,1512,6.462152
300,1295,5.650613
513,1513,5.406837
1514,1515,5.936680
552,1516,5.486984
603,1388,5.692139
906,849,5.847044
1439,606,5.505659
1406,594,2.594150
456,1517,5.972602
541,334,4.696775
394,286,5.176127
577,1518,2.555428
1519,724,5.779936
1520,1282,3.682616
1158,549,5.261120
1345,416,2.116078
1521,1353,8.052232
964,1075,8.529970
1522,1234,4.358507
106,1523,7.610251
1524,1525,6.246025
1526,578,5.172580
724,741,4.725357
908,1527,3.731691
474,559,4.988983
1528,626,3.142958
1529,1530,6.820270
368,1402,3.298459
1531,327,5.519561
777,1036,3.446909
1532,423,4.903389
141,1533,5.505430
514,1359,5.765877
1035,1032,3.051343
899,1122,7.787374
1534,984,5.619315
83,1535,1.789744
1536,1015,7.582408
940,1537,6.960822
1538,171,6.991610
1497,473,3.363238
1228,639,7.730230
1169,506,7.165837
1288,155,6.001018
163,1539,3.097317
1332,1540,5.440807
309,1541,8.032518
55,765,7.548075
1009,733,5.353092
972,310,6.412011
134,1205,5.820768
452,164,2.412781
367,1542,2.198052
246,1009,4.718511
801,1282,2.637971
1543,1544,8.175117
621,1047,5.157179
269,1078,7.425629
1545,1546,5.221458
1547,548,4.091138
402,1548,4.622159
1549,416,2.830889
1550,792,4.769094
1029,542,5.292037
46,1239,6.870299
863,258,6.908118
1551,1001,7.008758
1514,715,7.122546
236,483,4.622774
1552,660,6.368684
1245,1553,6.916643
998,812,5.310315
1024,1554,3.548721
1058,1555,6.625915
885,1331,4.845682
30,255,5.797781
495,176,6.170519
1438,1027,7.253973
365,270,8.308471
1556,854,6.668283
704,88,5.361200
32,1125,6.177992
1287,1551,6.505495
804,726,6.558457
1557,716,7.018259
1558,488,6.597157
508,1218,4.799329
768,1559,6.974275
1560,1056,4.733182
888,1189,2.249959
513,1561,4.232952
1332,199,5.755094
958,717,6.136354
309,1562,7.202055
711,738,6.797800
1563,1564,7.482974
1527,1565,5.143896
367,1566,2.473080
1567,938,2.927700
1522,1440,4.791465
157,620,5.211009
1285,1056,5.851756
300,1568,6.883743
1569,361,5.255045
41,1359,5.261329
339,1407,7.647730
96,767,6.108496
739,1208,7.211366
1386,1262,8.335244
1570,1571,2.971377
1572,1573,7.540904
933,88,5.191616
1030,159,4.647661
1493,1574,7.282993
415,200,5.347093
1403,1575,5.965809
1576,1119,4.998214
26,193,6.337527
1577,109,6.175319
1578,728,6.310227
1174,564,5.367377
1579,1580,6.700787
1479,1122,6.427718
313,1581,4.473625
779,1582,5.813163
86,1494,5.205154
196,1187,8.619925
1375,1161,4.873631
756,1583,7.099720
926,373,5.986141
1363,1584,6.787442
457,1517,6.415208
673,763,6.103202
732,11,6.884721
355,825,2.587929
1585,738,6.827138
1401,697,5.036708
1497,1440,4.135349
1586,1255,6.572264
1587,1427,6.541870
96,1238,4.849944
1588,391,5.237727
1470,151,5.596686
1589,1561,5.532233
1590,1466,4.020067
248,624,5.382153
1591,1118,7.571304
1077,1414,6.282125
466,1592,2.050542
1593,761,3.585212
1594,1521,6.483808
1595,1588,6.280017
1596,1420,6.836042
1218,99,6.812247
1531,1597,5.165267
935,1,6.939489
246,1598,4.945354
527,1228,5.621338
1599,1282,3.689904
1600,316,5.544674
1601,914,6.519624
1602,786,6.517986
1078,1603,7.699536
645,1604,3.670647
1605,1568,8.202620
1606,556,6.625582
1175,1433,6.682250
710,988,7.851622
686,1550,3.296388
781,978,3.997185
762,334,5.587639
162,1376,6.664107
753,1105,4.844856
657,249,5.837078
542,516,6.289799
1607,1117,7.371965
931,1283,6.303700
903,1267,5.743576
1166,1150,2.183705
1608,581,7.507538
759,574,6.796807
1288,817,5.722268
722,974,5.100016
1609,1026,5.938322
427,1610,6.509440
1611,970,7.493080
427,711,6.867808
890,1488,6.006404
1006,1062,7.879591
1317,697,5.773319
771,682,4.475512
1166,519,2.134097
1576,1612,7.324562
793,125,3.012173
268,647,2.305309
1597,1357,5.605330
107,104,6.119849
1538,1613,7.278239
1371,785,6.212396
325,267,5.714059
171,1614,7.316535
1615,968,1.965039
1616,680,7.694990
1617,1618,5.887931
6,841,5.850756
1619,643,6.828092
1326,1167,7.593547
461,1618,5.901803
1620,1621,3.898063
735,1622,6.110676
995,321,4.210677
714,1623,3.012480
1624,323,5.675087
1456,51,5.894705
1070,376,5.171999
168,1374,4.988807
232,606,5.716843
1624,1153,4.229339
487,707,6.380607
135,1205,5.873981
117,432,3.008081
502,310,5.507657
1625,1050,7.440934
1033,671,6.955324
112,724,6.343351
935,1137,6.379302
998,1020,4.777280
1626,881,5.642805
288,491,4.171998
1545,1119,5.030763
586,1627,7.620623
1628,308,6.769593
98,1629,6.439029
526,1630,7.873101
1631,371,10.367492
1632,1550,5.660673
669,1170,6.156262
784,381,2.877296
756,580,7.015956
1512,1466,4.414653
207,1587,7.173886
1345,663,6.445073
1373,264,7.756662
1633,1634,5.992720
718,1306,5.155565
1399,749,6.732980
1046,147,5.956334
845,387,4.734323
1635,727,5.902089
1636,1225,7.986737
1346,310,5.160567
1091,1434,8.239168
460,1637,5.451951
93,955,7.331460
1638,479,2.334414
6,1216,6.110048
549,996,5.262566
464,962,6.198471
1639,536,5.846779
535,235,6.701361
1640,1641,6.790096
1407,1328,6.985712
1642,1613,5.758652
1643,1320,3.568276
1644,1339,6.420557
686,745,4.371629
901,1066,7.267023
1213,1325,6.598366
508,849,4.863604
762,463,5.807769
1645,705,6.755176
1520,1236,5.714998
1314,795,4.942205
1086,223,7.478543
1573,1646,7.244615
252,1494,5.616404
449,156,7.052825
718,1647,5.015177
1648,712,8.751498
1096,227,5.328699
552,243,5.264031
995,1620,4.594075
742,707,6.311206
561,941,4.877621
1649,1521,5.662138
1512,1650,5.255603
1637,170,6.148728
1533,1651,7.581313
183,382,6.548875
500,181,6.683509
931,1652,7.264870
1290,1443,6.956972
119,1430,2.225171
572,854,7.118763
1653,109,6.869321
1654,630,5.112166
62,1655,4.702100
137,839,4.889388
812,206,5.227627
95,1430,2.614122
1004,538,5.555411
770,622,7.114175
273,1656,6.969214
861,848,6.402305
1657,43,5.180309
1658,311,7.212012
8,1380,5.428746
1472,412,5.191633
929,506,6.633862
1659,1040,7.371158
385,1650,4.859441
477,1660,2.172560
331,1491,6.178684
520,1196,2.553510
1661,156,6.270452
1662,441,4.950023
185,24,5.285057
163,1663,3.113636
1664,1523,7.626541
553,1640,6.824108
1186,1334,2.221121
1665,802,5.208562
417,1660,2.426919
418,1111,8.654031
48,1098,4.241287
275,287,4.830606
1666,1667,4.039977
1584,1176,6.626746
876,1668,6.443796
1669,501,4.506700
726,310,5.174839
533,1562,6.063272
1482,272,7.570435
1547,1670,4.552127
910,1637,5.219179
1209,1671,6.834438
1538,1642,7.419046
1410,376,5.151222
627,1672,6.100881
683,544,5.049925
1100,829,4.864049
908,1673,4.088043
355,1674,3.080776
1445,460,5.807809
1129,1654,4.665802
1376,1675,7.076154
1532,703,4.648564
825,1032,3.437993
1413,225,6.636767
981,1676,5.487299
13,522,5.894434
755,1677,5.961070
1235,1336,6.143814
970,517,7.347438
154,72,6.428077
191,1458,3.887426
1678,1679,5.125574
1649,849,5.547889
1231,1680,5.806463
1206,1681,5.732286
1211,1682,7.292976
805,1683,8.118219
50,933,7.262101
1575,614,5.185658
1684,985,3.151922
993,1466,4.811741
1685,341,6.429837
1126,838,4.889665
1351,1188,6.466953
1625,1686,6.400935
1256,1354,5.331088
820,894,3.298899
182,1267,5.139772
1135,1042,5.086852
16,539,5.613298
1360,1427,6.978588
1687,1688,6.433261
950,645,4.269032
117,1079,2.455713
1689,693,6.954473
745,845,4.412610
1690,369,6.685172
1637,667,6.818172
1691,1692,5.145421
1008,137,5.123421
1693,1103,5.971587
954,321,6.403034
196,1694,5.629678
351,584,6.309614
485,544,6.747886
686,1695,6.155213
1424,1696,5.680929
452,1138,5.070665
986,1571,2.730077
1406,1697,2.228849
1438,404,7.766540
1411,1698,5.830955
1517,1170,6.116079
195,688,6.629937
1283,1414,6.480441
360,245,6.693274
1507,1699,5.922647
1547,1599,4.177634
313,943,5.176858
1567,784,2.447194
782,978,5.464499
651,1700,3.844553
1546,1265,4.974364
782,1701,6.982361
439,766,4.880286
1552,1702,6.966831
220,1703,5.727943
1625,1704,6.860007
1705,536,6.487276
653,186,6.019833
12,1003,6.213741
302,1192,5.999564
420,1022,5.791643
1616,67,7.426858
218,809,6.572711
1,1706,7.360131
508,616,5.748811
527,260,7.472810
1707,96,5.502467
1520,801,4.000206
1064,1668,4.915088
1286,1415,6.582167
146,38,7.757995
756,1608,7.470949
258,449,7.043773
301,332,4.647861
151,1471,5.496243
646,1099,3.633151
710,1610,6.335438
203,1708,5.139422
1376,182,5.786530
1709,345,5.025589
199,1540,5.339643
1569,1292,6.334879
1195,1710,6.135085
1711,90,5.891239
1099,268,2.410470
650,1,7.376134
14,1712,5.273769
1155,820,3.202733
427,443,7.320966
1402,260,7.446249
1245,1246,6.688890
1343,1713,8.425072
717,1201,6.247918
1714,605,5.273873
919,1715,6.276258
125,95,2.621421
1716,1717,4.780234
945,860,7.128432
938,784,2.141263
128,956,5.383724
1473,1476,6.452241
779,108,5.019585
1166,1100,3.160534
65,649,4.581149
1164,1697,3.443859
1485,251,6.731563
1718,559,5.210224
48,1719,4.285018
616,1720,6.757857
1126,99,6.709860
1315,190,4.225222
1132,1680,1.434319
1721,662,5.715039
576,1504,2.064880
1722,565,5.839168
376,1300,4.990901
1513,1561,5.312770
1259,1723,7.802984
203,274,5.863221
1724,1725,5.350006
1308,1506,5.189270
857,1244,7.176844
1468,1668,6.688591
1726,695,7.096012
858,204,4.986427
923,1605,7.304606
641,1511,6.910347
1258,634,6.837063
390,1727,6.463358
1551,1147,6.152505
1096,1290,5.045648
1529,1546,5.861205
1098,45,5.566786
1581,1666,4.531832
85,1083,7.348163
551,1728,5.347289
1729,1022,7.505187
985,1730,3.019733
12,572,7.182868
1731,1732,4.576924
890,728,5.875422
1181,1388,5.719513
1601,365,5.952458
1733,1734,5.563993
579,138,6.568517
1735,1273,5.709521
500,754,6.094427
301,1195,4.924850
1408,1429,6.738692
1447,835,6.998189
1579,1443,6.601476
1736,762,5.147569
1163,651,6.862765
1737,764,7.380538
1738,10,6.280935
1678,1442,6.553860
170,1122,5.264932
1223,1080,2.962662
1081,563,5.011835
1634,1059,6.500730
1336,1496,3.805296
812,1739,5.752475
570,1740,8.712502
483,1741,4.990157
1742,896,7.746328
1743,1194,5.862037
1744,598,4.009809
1745,1746,6.214908
377,1474,6.982573
613,734,4.828938
1747,1040,7.281079
1085,987,7.309948
771,838,4.925406
709,1748,4.964797
1749,1591,8.085977
235,1750,6.368585
445,769,7.147074
1003,1457,6.399271
1751,865,7.405149
1752,1257,5.200995
1753,1248,6.461399
1031,811,5.061469
1754,1523,7.476409
71,1677,5.152543
80,1574,7.187129
461,1755,5.629073
1756,1639,6.980540
528,1552,6.018856
788,915,5.253943
1757,763,8.168077
827,1383,6.307227
76,1606,6.394149
1602,524,6.242234
807,869,2.709727
1012,347,5.145939
1687,757,8.748821
906,1649,4.350985
196,1702,7.003916
1181,1758,5.181058
940,1759,7.130609
1346,1760,5.263677
630,1761,3.697594
742,896,6.441528
1269,614,7.524479
1762,1631,5.755542
1233,1491,6.156087
1129,1763,5.649927
993,1764,5.837831
1765,770,7.192485
66,1560,8.535486
20,711,5.826357
1107,266,5.241578
329,990,4.902604
1037,1766,6.540888
1227,1438,7.055591
1042,1496,5.268713
630,1716,5.116398
117,647,2.099549
1513,1213,5.845048
1061,162,7.188914
868,1745,6.515068
1767,463,6.676496
825,784,3.112276
533,1768,6.036093
1769,406,2.609768
1058,43,5.069695
298,900,5.485282
248,145,5.651054
695,148,7.536959
785,740,7.242832
385,1390,4.837274
588,323,5.643902
355,381,2.969290
1069,810,4.928058
668,1770,7.068102
763,1771,7.761184
1224,1772,5.353039
344,509,3.704376
1773,1467,4.466074
719,653,7.790115
332,37,5.360611
207,1477,8.325194
554,84,2.389603
1606,1027,6.833346
1077,1774,6.271210
1775,324,4.839962
1247,1753,6.785626
1393,129,7.506416
1776,76,6.789491
1777,1701,6.760682
668,437,8.269064
1436,662,5.086087
1565,819,5.064739
1778,1779,5.227227
1640,488,5.719813
526,586,7.383415
392,105,6.457148
149,716,6.466925
1257,741,5.468418
623,602,6.775052
890,77,5.544958
1465,408,6.940374
1747,21,6.698971
1733,1457,6.241908
1780,381,3.883309
1065,1214,7.134247
593,1087,5.415115
1615,1539,2.186453
923,1061,7.969141
1470,152,5.952862
218,159,5.735774
1241,376,4.948238
613,861,2.476172
687,1781,7.001337
613,1405,3.369609
1738,1690,6.445582
1782,1630,7.553608
986,241,2.523949
460,71,5.436197
354,1103,6.857294
1726,199,6.997046
1415,1783,6.026985
750,604,6.474672
1335,598,2.648749
1754,1784,5.562702
1363,1785,7.000409
1671,1648,8.795724
1549,1786,2.514817
77,971,6.329429
176,812,5.575627
1425,1787,5.354536
1782,1788,7.056496
461,308,4.136393
1309,30,6.514987
598,1242,2.508229
112,839,6.745551
981,1789,3.984028
1790,1100,5.042846
1497,621,4.526486
1791,73,4.846560
1792,248,4.216607
1793,344,5.928061
1794,536,4.809424
1789,1277,7.491217
1504,119,1.955011
1653,1794,6.856400
814,296,6.469761
1019,117,2.100050
552,1795,7.133643
939,308,4.690811
1796,1691,6.048478
714,406,3.051832
1797,450,6.481270
1659,1462,6.186063
462,671,7.007948
1798,1799,5.007788
1602,1400,7.401271
1652,210,7.218464
1351,1800,5.993332
1271,541,5.236388
958,1614,6.725526
185,792,4.489068
1145,334,5.925486
1406,1801,2.280701
673,956,5.757572
147,223,5.572363
915,510,5.379856
522,1802,6.129026
436,1530,6.154845
898,290,6.357344
742,1803,6.815460
596,1491,6.836316
1804,882,4.006443
1615,164,2.383946
40,350,6.868140
615,1805,6.511943
1269,255,7.446490
363,771,4.617099
257,319,6.474188
1772,491,5.267554
372,468,3.259989
1703,1806,6.066435
1406,433,2.853884
821,916,5.384374
68,1807,5.614098
1808,1355,4.575909
658,243,6.778144
695,1809,3.926327
1180,1680,2.598867
1631,1519,6.450451
1169,1277,6.180103
338,920,7.252924
1810,235,6.863204
181,108,5.555459
48,1238,4.838720
532,1767,6.484076
461,555,5.360925
1091,1508,6.704999
1585,1382,6.958601
1711,970,6.450423
1436,41,4.664064
1722,328,6.959827
288,1811,5.637115
1237,1434,8.459921
205,165,6.414365
1035,82,3.034488
982,1014,7.140851
1812,1118,5.579980
989,765,6.295578
1543,1666,6.671587
1063,840,6.102478
1011,762,5.885655
1813,1205,6.447812
988,213,7.830157
1643,215,5.246920
1491,316,5.765906
298,146,6.696901
298,258,5.841732
1605,684,8.961827
1482,630,5.696255
254,1013,6.744994
1287,1371,6.282720
664,251,6.605051
271,1185,5.855787
612,1667,4.585551
1805,426,6.418365
169,1814,6.358645
796,330,5.529136
1815,1299,2.286530
258,1154,6.303279
1281,23,5.314662
875,1775,5.035022
505,100,5.019444
607,668,5.816451
804,1275,6.447915
1171,934,6.230262
1816,645,4.361049
796,578,4.991125
513,972,6.377663
1227,904,6.500073
442,833,6.921373
1817,393,6.643125
655,1718,5.827022
1818,1819,7.405324
613,1023,3.293252
561,1576,5.131333
641,1820,6.321860
635,1539,2.256722
84,912,2.671981
1808,868,4.108844
240,888,2.619957
1028,1802,4.621743
1821,1181,5.917648
1402,478,3.306606
461,948,5.280443
1409,1822,6.994372
1823,589,7.806676
1824,601,6.584074
169,693,6.500754
902,841,5.590915
108,1496,5.345893
759,1494,6.486256
295,446,7.071919
1226,1114,5.159510
1699,1206,6.877960
1825,1000,4.804018
903,300,5.071510
380,1567,2.603697
1826,425,6.518598
1477,1587,7.960640
1219,39,6.538791
1171,1467,6.122787
1082,219,5.550855
1186,1567,2.305089
434,1505,4.455647
505,741,5.164216
1827,1135,4.626834
714,1412,2.763638
1788,1039,7.121136
598,1697,1.972374
1814,542,6.564312
1291,979,6.309125
483,1258,4.991107
1236,1073,6.039623
890,1794,6.171324
592,1828,6.336721
668,1829,6.929002
1536,546,7.122139
611,1240,4.838604
752,1264,6.376052
1074,323,4.432183
736,959,4.817944
83,480,2.024221
939,348,4.587184
359,1830,6.944288
574,1831,7.266198
231,1832,6.774773
1833,1108,2.934717
510,1093,4.923673
1026,27,5.979587
947,1267,7.387326
119,577,2.769966
1834,1205,5.795999
1814,1329,6.440768
1835,879,6.001223
1195,1370,6.558381
1836,766,8.516096
50,1837,6.379675
1655,348,4.978595
1776,891,5.605715
1330,1741,5.008236
1632,287,5.094592
64,1838,5.330934
242,448,6.489738
1463,1637,6.294848
1012,261,5.863411
711,1051,8.761310
172,1614,7.522792
434,986,3.205416
701,1030,5.450200
32,800,5.874348
857,1839,6.997086
1802,913,5.581025
1628,731,7.215667
336,912,3.144780
1781,1260,7.539999
242,1682,7.190307
498,880,6.265309
1228,1840,6.767074
904,1840,7.370776
550,1356,6.638802
1589,309,6.974041
1455,52,5.774079
896,56,6.861723
369,1548,6.085369
1841,925,6.586635
203,991,5.059456
503,797,5.636916
1421,156,7.321043
1619,1656,7.139422
1842,262,7.075340
1442,1128,6.884424
1405,1349,7.790205
1463,1841,6.714842
1568,1843,6.303659
1824,837,6.687569
603,642,7.800161
636,187,5.238837
1617,461,5.865465
428,1396,6.976521
1802,1385,5.857138
1251,1611,7.856453
1191,1545,5.615118
1024,675,4.247712
1572,1813,5.280632
547,1768,6.196512
1844,754,6.381172
980,723,5.963573
174,1845,6.110763
1562,997,6.795704
844,745,3.577133
867,715,7.163300
1488,350,5.501922
1497,1846,4.722024
902,1847,8.107379
537,836,6.700476
908,949,4.205922
1848,1486,6.123332
1824,700,6.591855
702,90,5.760311
1698,475,6.334762
1375,461,4.549151
1504,1542,1.765272
809,674,6.666768
1849,501,6.315209
1536,1603,5.119824
1732,1544,5.684300
826,287,3.933455
1141,249,6.019209
1233,1331,4.982638
28,694,6.770227
1537,1263,6.818887
576,1518,2.123413
1342,1367,7.888298
1850,1851,7.011089
1567,1852,2.719703
1081,1595,6.446670
1853,1534,6.429695
748,1854,6.869780
133,903,5.221966
1295,1855,6.765268
302,126,3.424886
867,1474,7.011418
1487,916,6.195119
1424,1856,5.605440
1424,339,7.843998
1844,568,6.945971
434,114,3.570962
1045,1464,2.065662
1446,494,4.946579
981,1857,3.757192
855,896,6.365413
414,1729,7.509866
1360,1587,7.636846
687,745,4.988936
476,267,5.436124
49,1858,4.615565
1729,1859,6.720855
375,1300,5.160600
85,1860,6.930910
790,852,6.385121
1272,1857,4.511294
273,1861,7.214819
1756,1854,7.738203
48,1683,6.574397
621,387,4.273396
701,1750,5.681384
287,1070,4.899478
1435,1813,6.695733
1466,1629,6.322335
1657,1271,5.051574
139,946,6.955448
1678,1096,6.407362
462,232,6.391728
1475,81,5.495753
182,1862,6.859893
1303,1045,2.605864
1570,1189,2.686964
884,1863,3.324542
755,71,5.343025
1834,91,5.534011
1864,671,6.948403
47,1137,6.450510
513,726,5.198679
192,1505,4.132157
993,1590,5.204161
1482,1692,4.886954
120,1821,6.696930
780,287,6.046887
72,1416,7.124630
1865,491,5.508706
1607,116,7.260553
1290,974,5.327009
427,411,7.338639
1866,1490,6.256907
1309,1706,6.622031
834,373,2.447549
777,356,3.868130
1867,1855,6.939613
498,1644,5.873176
122,1101,5.493082
457,448,6.929064
901,1304,6.664704
1868,607,7.735930
1742,56,6.867409
1869,1870,6.754675
1871,1128,5.134559
173,1415,5.177558
1112,1325,6.450338
975,1451,6.487515
261,1872,7.113825
938,783,2.216824
1873,1874,4.932906
1631,1642,7.328461
1719,96,4.485873
1089,1070,5.402254
1875,1571,3.108980
1579,1020,6.929079
1106,1619,7.422031
1762,1268,4.563107
878,399,6.799816
929,1876,6.122393
269,439,6.615417
115,1258,4.501805
1877,1232,5.950284
1765,1492,3.793631
855,1876,6.264740
1167,198,9.074211
755,1878,5.224202
374,687,6.621743
1054,1230,4.435585
1799,233,5.206558
1879,347,6.584947
1177,850,5.251936
1131,1880,1.778439
550,1531,4.520648
1527,781,4.981494
355,1852,2.836780
1881,580,6.018055
484,727,6.398747
1882,1104,5.087033
761,1518,3.106135
839,580,6.172575
1765,1883,5.506280
367,1660,2.007073
20,1788,6.725397
1583,716,6.664340
1514,1829,4.948965
1865,288,5.789785
958,1121,5.146761
701,1791,6.028489
1241,375,4.693459
982,1249,5.919868
1644,987,7.008916
423,774,4.896571
207,320,8.026839
1884,671,7.463477
746,1799,4.979830
1718,1885,6.997713
6,409,6.943238
1231,744,7.775618
992,1372,5.976720
1721,1886,5.746514
1798,1084,4.721961
1887,1348,6.716321
1822,1784,6.565623
823,1888,7.397187
1835,1889,7.012245
652,43,5.516787
1744,938,4.112368
1733,1521,5.257402
657,152,6.242888
881,2,4.592023
1112,1562,6.161945
1109,1806,6.197272
1660,1566,3.121549
1592,1890,2.959148
1701,866,7.913274
1198,1891,5.054060
1881,716,6.413991
1892,589,7.451016
1259,1424,6.770997
607,1113,5.745078
635,856,2.498707
1066,1305,6.629356
1093,1811,5.776734
1445,1893,4.763596
1361,391,6.622075
1480,1894,4.357867
119,1592,2.384714
613,821,3.347217
1004,1895,5.548072
526,713,6.274316
772,816,6.841043
1012,295,5.832396
1065,1304,7.744560
1466,1764,5.580256
929,1704,6.493241
477,1786,2.955627
1896,1645,6.069262
93,1640,6.231901
1198,1047,5.044466
1405,952,4.037083
852,1154,6.188744
152,1471,5.801870
744,1194,8.266578
1780,1697,3.861696
1404,391,6.519572
267,1774,6.446455
212,202,5.808538
1616,431,6.839045
1252,1501,6.747305
1752,1016,8.024084
758,1050,7.665585
1878,1677,5.463847
550,1357,5.164013
1793,52,5.296604
1661,1421,7.334673
1106,623,7.809384
515,312,5.536447
1485,664,7.157445
1830,22,7.286010
901,1305,7.339634
1127,1437,6.463781
747,1484,4.699890
597,1697,2.239034
747,168,4.736641
1897,1556,7.311897
127,366,7.349955
364,105,6.416594
724,100,5.177406
1386,293,6.357597
1165,638,5.199478
746,612,4.403970
65,1669,4.757545
1817,1149,4.530320
1198,1152,5.620540
1082,563,5.494064
401,1394,6.561686
1330,1522,4.637765
57,284,5.189637
1224,491,4.972159
1290,227,4.710383
1898,410,7.435708
1883,949,4.185571
1490,916,6.237899
1200,1894,6.941233
242,670,4.902138
1610,893,6.322365
1199,801,4.988693
226,750,4.972232
1191,1119,5.645611
1850,493,5.781366
513,405,4.889136
637,1845,6.599440
1674,1899,4.191913
487,1641,6.319733
627,849,5.506403
1864,1478,6.723783
28,444,6.523464
1900,305,8.323779
782,1901,5.853354
1782,847,7.059743
51,1902,6.493221
1157,303,6.684927
892,238,5.205564
646,1242,3.778803
286,826,5.131655
1755,233,5.380269
237,1275,6.025286
1903,1221,6.481304
917,1532,5.578941
1109,300,5.825463
1047,1904,4.373539
919,1141,5.711779
1756,596,7.455299
1591,1905,7.584573
221,1906,6.272353
658,1178,5.970737
451,1890,3.131107
1802,503,5.333996
1907,696,6.178426
1908,1496,6.016504
1500,159,6.898700
12,1002,4.837436
773,219,5.526758
1547,1621,4.904539
1303,1080,2.643146
1881,1002,6.377903
469,1319,5.653621
560,40,7.014782
1226,648,3.742003
900,1037,7.002343
262,729,7.280366
1283,1909,5.250450
1665,302,4.399249
1910,965,6.683079
1911,1601,6.461130
713,1912,6.681850
1913,444,7.000402
1589,569,5.692509
1448,1185,6.180879
72,956,5.656701
1058,665,5.656672
1654,378,4.797808
1533,1431,6.135235
1543,1526,6.744185
208,1127,7.335927
1878,1893,5.699728
1659,1041,7.059068
1914,1844,6.064013
1331,633,5.961039
607,131,5.656311
807,1700,2.257342
195,559,5.336712
1577,1653,6.658253
1634,1476,6.704643
873,484,5.388028
594,1242,2.904434
879,1432,6.675326
765,1510,5.394685
869,1700,2.408281
719,1701,7.426408
1350,245,7.550949
1862,1408,6.544489
686,1632,5.399937
156,817,6.625499
1896,1915,6.156461
1887,1010,6.314407
909,1667,4.577793
955,488,7.265350
1273,870,5.670626
958,1752,5.672657
1916,734,4.829241
35,1056,6.168679
523,1538,7.040298
798,598,5.530241
289,805,9.069585
1785,1364,4.681748
1917,1344,8.483437
375,927,4.841513
1326,1519,7.006345
1598,1590,4.688643
1800,245,5.336955
1662,930,5.386618
86,253,7.259521
1202,1492,6.282098
1918,837,6.074611
1417,350,6.092770
119,1542,2.174622
1200,1220,6.871770
1914,523,5.141570
1671,946,5.693995
937,1031,4.193213
1919,684,8.021770
1714,606,5.192854
461,107,4.792746
1920,1542,2.975471
290,67,7.764266
1646,1564,6.360117
1525,1646,5.588864
654,795,6.524375
793,113,5.154740
1061,448,7.247305
1404,1141,6.888911
236,1673,4.431319
603,1580,5.687533
1198,1202,5.159911
1226,1921,4.351780
948,1618,6.165513
176,17,7.408065
1565,1554,5.519836
1377,1830,8.714928
490,1698,6.103869
911,620,5.426065
1203,898,6.365907
1460,644,6.294472
746,329,5.080092
1796,190,6.627954
1628,1135,6.504761
1922,924,4.943185
124,1923,3.145103
1593,190,3.510439
702,1725,5.638385
240,1223,2.734740
1742,1659,7.415912
1045,1189,2.408692
1924,1433,7.795392
1925,766,5.945389
1000,1926,5.990250
117,792,4.473113
1009,247,5.224304
199,696,4.889936
1422,1495,5.648320
1573,1162,7.567521
1217,446,8.259641
981,126,3.871754
13,482,6.131086
1598,470,5.134418
1446,1867,7.034665
1927,302,3.546781
1767,464,6.620004
178,231,6.696099
345,682,5.090107
1794,836,6.704644
90,539,5.811184
1819,1070,6.035313
1404,1393,7.457191
1887,1787,6.882289
1258,116,6.735410
1166,1815,2.732954
342,1603,7.669887
1643,1123,3.476167
538,1851,7.383773
1288,1237,6.560963
492,539,6.113667
1741,1926,5.560086
696,1540,5.734911
560,1561,5.231439
412,769,6.969800
1356,1572,6.227295
1268,581,7.199066
1873,1928,5.502103
229,188,2.320061
931,1909,4.653836
1815,632,2.596428
1929,245,5.751924
1930,1931,7.100617
1099,1450,2.790033
1480,22,6.069901
826,1212,5.240764
1932,1730,2.161080
711,439,6.005284
636,968,1.987268
569,1190,7.302650
1283,932,6.466200
1658,641,6.860550
1549,834,2.602377
736,1933,4.935990
1439,526,6.366220
107,462,5.296808
1405,1934,6.422731
1593,1316,4.347255
1180,1132,2.278394
1584,786,6.071232
1596,1493,5.955135
1025,1058,7.749351
1067,1095,6.130795
1644,1856,5.872376
1325,1034,7.115657
1935,574,9.613298
1833,938,3.549022
1793,160,7.311758
535,38,7.939034
1936,1170,8.255485
481,611,5.037505
1663,1430,2.800016
845,1060,5.084267
254,1021,5.856546
1549,417,1.915264
771,1126,5.700077
980,1142,6.981093
276,1212,5.154341
1841,1140,5.870843
170,1329,5.664418
1589,310,5.349580
239,1761,4.268670
364,555,6.746388
949,649,3.470469
1873,1842,5.497089
1873,1449,5.627320
1937,743,7.281539
1203,1327,6.960740
879,1148,6.278324
1733,849,5.960863
1762,1519,6.465617
844,1600,4.669801
344,363,5.199033
1798,1790,5.022561
1342,1083,6.541952
1376,1267,5.985810
1636,678,8.165347
185,848,6.513697
1489,1681,6.078772
1243,1537,7.175883
1546,1119,5.607504
753,941,4.278329
1938,574,7.901169
827,1704,6.244637
279,1939,6.708768
177,723,5.498768
1534,1842,5.733108
299,822,5.109196
535,1327,6.451161
730,1940,6.642897
1096,1679,6.111412
960,854,5.420857
1012,311,6.739845
142,1647,4.404624
1198,472,5.153716
1578,1939,5.592623
791,54,4.258089
536,815,6.171150
919,249,6.055796
1486,1941,5.577432
80,530,7.023442
1942,766,6.456453
1943,320,6.907032
1865,1944,4.995019
1342,1747,6.376572
48,4,5.858969
216,1857,2.449659
201,893,7.263816
515,542,6.410415
886,1331,5.804250
119,94,2.366253
302,1635,6.249433
1945,1420,7.654573
763,1327,6.109415
338,304,7.230475
1675,1267,6.492749
910,291,6.637913
1946,295,6.431159
1471,1102,5.815571
1753,1262,7.694463
1788,202,5.927469
1947,1831,9.236916
560,1779,6.051993
1948,1063,6.227637
162,1949,7.596938
918,1950,5.873262
765,1942,5.992183
1280,1709,5.594501
641,1503,6.055617
265,1107,5.077926
1088,1201,6.652985
1014,428,7.948209
1527,37,5.340723
1319,1009,4.877766
277,1719,4.074365
1827,978,4.594276
1217,295,7.948071
443,1396,7.371957
1951,482,4.776738
971,296,6.588830
1161,1043,5.024243
1596,282,6.135630
12,922,5.336674
1312,1255,6.646636
1036,82,3.233530
1132,1880,2.213363
1532,1017,4.499197
1315,1593,3.335280
1660,1542,2.297661
669,448,6.412300
712,1952,7.925849
826,1070,4.607112
1284,1056,5.516377
20,1831,6.598432
900,1766,6.550185
1722,813,5.820401
637,1909,6.027226
1276,1426,6.988501
1736,1145,5.202333
1312,1541,7.574465
1461,1082,5.717858
1837,1905,7.807743
1846,883,5.282485
1778,181,5.797353
1526,314,4.025112
466,1518,2.553646
298,1147,5.349196
1198,1607,7.523126
1944,407,5.840349
744,411,6.656117
454,403,7.934354
928,1163,7.689701
1543,1094,6.883624
338,587,6.564468
409,841,6.823541
281,894,3.074370
955,862,6.258391
176,1953,5.758812
1821,266,5.698619
1050,1175,7.622190
1340,26,4.654644
1802,810,4.772430
1423,863,6.570230
1897,148,7.134151
576,119,1.751976
903,182,4.085239
255,293,5.816109
152,219,5.725031
726,1561,5.313352
1575,1362,6.138189
788,916,5.896071
1413,637,5.374835
1210,1503,7.042854
347,1168,4.550536
201,707,6.745128
1752,1910,6.161275
1867,211,8.794915
1848,2,5.325155
1954,728,5.839413
1191,436,6.149790
1577,1116,7.033275
1368,1834,7.193704
823,1694,7.134639
1057,1394,5.649065
1656,1173,7.669993
1552,558,5.830240
1776,77,5.456466
1955,963,5.495537
1577,1872,6.850484
173,585,5.949026
1768,1370,6.387058
1951,913,5.520602
1673,949,4.579304
1137,1753,5.662992
1777,1554,5.430498
413,1825,4.470265
1956,1348,6.850016
1572,1564,7.048654
1790,828,4.014666
1671,1230,6.781211
1241,927,4.832889
1957,1615,2.244087
1197,0,6.812780
1823,1326,6.076771
1817,392,6.329448
1718,1173,6.191454
126,1857,2.753922
1958,1162,6.236646
1155,821,3.330202
1274,458,5.372350
1650,1667,4.856137
1786,417,2.773043
1113,608,6.652884
1449,767,5.328516
880,152,6.101100
352,618,7.118211
1824,961,7.671338
1532,1624,5.419167
1790,1146,5.448915
1392,1281,6.695021
119,1518,1.965598
489,474,5.711329
1306,473,5.306149
209,1085,7.290236
1641,15,5.477016
890,1578,5.375094
603,750,5.235335
136,1720,6.455359
883,1275,6.026558
1195,332,4.418002
752,1104,6.356678
1860,1712,6.253828
1274,883,4.454875
181,1177,5.891742
92,1516,7.281305
1916,1394,5.298141
1018,1150,1.781601
1318,1709,6.454169
959,1933,4.909812
1009,1391,5.814320
1281,61,7.660322
1562,1541,7.554875
779,1033,5.077520
794,734,4.513960
1054,1408,6.246191
1347,503,5.278597
1705,1911,6.310168
93,488,5.462654
1339,1267,6.258652
907,640,6.072725
508,345,4.098201
70,1292,5.018773
552,242,5.393544
1836,1938,7.311879
459,1292,5.953090
195,441,5.791383
1877,102,5.870709
1895,303,6.149704
725,799,5.302126
1120,327,4.903728
338,1327,6.306890
1738,51,5.111886
109,835,6.967620
133,1054,5.501177
1932,1189,2.533142
647,1100,2.636394
928,1876,7.990812
1545,1576,4.760245
259,225,6.975266
1081,1835,6.081297
1959,539,6.084459
295,1168,5.477401
1453,220,6.846066
53,1026,5.907176
181,754,6.423522
664,1400,7.389236
1109,298,5.648610
1917,1860,7.505791
345,509,4.187877
88,875,4.743161
1675,1339,5.568846
504,1257,5.671299
1547,1620,3.942450
936,97,5.796072
690,1698,5.988226
419,1140,5.646445
60,721,6.808858
1895,1515,6.817441
1423,1311,6.862422
682,606,5.247818
1960,1846,6.607288
1164,647,3.825850
163,1138,4.965090
1591,1624,7.372684
1961,1707,6.913315
873,727,6.270111
114,1134,4.387291
917,441,5.449627
1423,46,6.643582
709,645,3.760537
718,153,4.460541
476,326,6.754467
1365,1962,5.300956
49,963,4.373523
458,237,4.065954
1898,530,7.900423
1581,510,4.837451
874,1535,1.826567
1896,1351,5.833674
74,685,7.112141
787,612,5.471874
1837,859,7.116654
377,644,6.765499
1439,1340,5.588930
656,920,7.153291
692,1167,7.249131
870,1857,3.708925
301,1265,4.754475
1707,1963,5.387716
222,1109,6.109736
1678,1443,6.608476
1722,1238,5.379732
654,313,6.528111
901,1214,6.455111
704,934,6.397594
1471,1806,5.947035
125,94,2.792779
976,1041,8.528463
900,1147,6.187870
699,270,8.179299
914,1964,6.770296
1599,801,3.618418
105,1809,3.965718
283,918,6.051664
491,1811,5.350099
220,29,6.103213
1688,1268,7.778667
823,196,6.999802
681,1864,7.122861
92,1965,8.080400
4,1860,6.700345
1661,1091,6.560917
46,1966,7.721622
567,1819,5.454750
708,1847,7.298980
1596,1488,6.551476
420,1809,5.157179
1175,843,6.220598
1967,1332,5.867904
1342,1917,8.063194
1458,192,3.609518
1748,1604,4.915988
59,1861,6.183742
310,1561,4.346094
708,1395,5.934150
1509,760,7.230031
1044,1180,2.093144
1683,1238,7.072414
590,99,7.375723
1423,319,6.224287
195,273,6.532101
1848,1717,5.619278
1736,1832,6.411412
1633,1582,5.378021
298,1797,6.453598
267,75,5.283321
1047,1152,5.630010
554,451,1.845697
1598,1526,4.842143
6,1968,4.428206
1211,1803,6.720425
1558,1876,6.669980
1516,448,6.543056
1596,315,7.346445
1878,71,5.272066
755,19,6.621359
520,1801,3.263438
930,441,5.016315
969,383,5.314053
1804,883,4.247314
925,256,6.759650
1934,734,6.367303
1944,370,5.261114
1954,113,6.393414
655,1812,5.137194
1035,825,2.833061
248,274,5.938940
808,255,6.721972
1969,1216,6.203035
141,685,7.795698
1467,323,4.395786
1341,1077,6.642824
1611,1113,7.722526
523,1844,6.711936
584,1970,6.218840
1318,1950,6.344049
1368,1225,4.996061
1971,712,7.054529
819,376,5.316933
763,679,6.790738
1894,1646,5.060035
1810,623,6.071615
308,103,4.699141
1291,1783,6.137646
1792,1017,4.529160
368,1566,1.964698
1908,555,5.766754
440,1645,5.917075
1472,458,5.293063
596,1307,6.235840
1626,145,5.719851
668,131,6.496200
298,450,4.871875
1095,1045,2.135617
569,405,5.274740
1365,1586,6.192488
1101,1055,6.604820
1655,853,4.613992
623,1411,6.076138
1881,1613,7.048286
298,1972,6.036658
383,1372,6.004497
222,1972,6.751127
496,1799,5.128757
1664,1460,5.100389
1708,249,6.013110
772,156,6.730876
1302,683,6.241923
1403,1558,7.043629
748,1399,5.752265
855,862,5.937588
304,1407,7.734729
36,542,6.417028
1745,69,6.275545
364,500,7.016614
566,33,6.894803
19,471,6.116902
1399,1911,6.397492
1672,1634,5.917799
823,1187,9.034981
1472,331,6.277036
851,1027,6.767153
1674,1852,2.622328
1826,1658,6.974659
753,370,5.120289
961,1973,8.015090
860,942,6.388872
1702,1694,7.143413
902,1968,5.932596
1532,1153,4.140959
569,1561,4.875600
1758,266,4.867921
1585,1732,7.296877
394,1033,5.233177
149,1457,4.940345
20,710,6.119882
1974,895,6.037987
1975,444,6.473842
1951,178,6.882308
1808,939,5.054178
18,256,5.992779
54,792,5.200012
1751,1125,7.380020
1252,1502,6.384918
238,1761,5.896651
1725,266,5.692814
1324,916,6.785679
1777,1901,5.412478
1798,1077,6.345486
701,159,5.491325
1976,1618,7.535572
1317,221,5.379273
603,227,4.677217
1459,266,6.497705
1504,1977,2.581947
1707,565,4.965522
840,1968,5.445652
714,894,3.043233
566,1143,7.509385
122,5,6.232014
1449,1842,5.540637
1978,1971,6.400489
1636,1113,7.655614
1422,329,5.345935
20,202,5.910090
781,950,4.221974
4,1784,6.287105
1358,1506,6.116887
285,1681,6.397240
394,503,4.847785
1967,414,5.402109
498,987,7.308682
1922,1621,5.206364
1128,1437,6.731030
314,1512,5.342322
1962,510,5.917906
62,1799,5.104088
87,1204,6.425519
1247,1197,7.235044
883,473,4.436110
1826,806,7.248243
624,1141,5.839376
1287,785,6.447889
1004,1758,6.033352
325,210,7.373124
1159,1258,6.103711
888,1464,3.278825
1198,621,4.359738
1979,462,5.197571
235,186,6.249584
5,1784,6.436319
502,997,7.081496
562,966,6.969841
1220,1372,5.650480
924,645,4.938574
610,296,5.924439
1686,1383,7.461299
711,1925,6.198395
787,611,5.107131
1489,1181,4.926329
86,1426,6.328053
926,982,6.152529
1401,800,5.038523
1224,1634,6.084195
161,1949,7.198338
748,1601,6.759311
1489,122,5.132430
1409,518,7.671407
872,973,2.997074
1589,997,6.958706
680,1602,7.497554
1766,1110,6.989079
1639,1116,6.185893
642,575,8.027768
880,219,5.424768
759,1360,7.086474
1754,1664,6.248890
274,249,5.513066
1721,1980,5.373612
204,379,5.111512
1773,324,4.451695
840,1222,6.689527
1211,243,6.601761
822,421,4.263136
1379,8,6.693573
1336,1495,4.833110
1112,1324,6.710353
1920,821,3.095166
1236,1620,5.248310
1062,1759,5.696289
758,1723,7.761004
248,638,5.797568
1121,1016,8.561375
1166,1186,2.047085
1915,721,6.243725
1738,11,6.793621
831,741,6.024617
1387,1471,5.946229
1981,1664,6.293643
521,1069,5.222406
554,1430,2.189356
1031,389,5.357582
439,833,8.160158
1738,509,5.161133
701,218,6.202925
1436,1391,5.857038
142,775,5.584402
144,1874,4.549302
1131,1296,7.127567
423,1017,4.395666
352,584,5.286052
1284,1560,5.834638
1112,407,5.808999
266,1560,6.220726
1982,1103,5.775975
258,399,7.041746
1846,473,4.491006
577,1378,4.050198
1303,1095,2.455904
1581,332,3.806082
1282,1891,5.082556
615,1787,5.702110
902,1063,6.194228
194,865,7.088823
122,285,4.575256
1769,869,3.342819
64,1405,4.699890
550,205,5.609173
469,909,4.669406
1568,1855,6.854274
1461,585,6.034601
894,834,2.621228
781,801,4.125991
1924,1262,8.974466
1270,1058,6.545090
1314,1526,4.752208
691,1828,5.559404
39,512,8.905149
422,1456,5.991251
1214,1304,5.318240
338,1407,5.771760
1571,1080,3.022428
353,1982,7.526679
1413,141,6.613002
1369,37,6.215343
1355,939,4.969598
289,431,8.541698
297,564,6.348312
1109,1783,6.414176
1288,1239,6.859157
643,1474,5.236513
1469,1144,7.136324
1435,1437,7.079550
1307,1491,6.557545
513,1779,5.675325
1622,103,6.182810
1278,1428,5.092113
1854,1964,6.891552
1455,509,5.812933
660,475,6.732835
1951,1478,5.299691
1180,1880,1.958744
149,580,5.104084
844,316,5.111549
699,571,7.497751
599,1522,4.492987
1816,1921,4.828392
899,1249,7.652214
1672,1734,5.468104
725,310,6.434584
724,1910,6.120664
329,276,4.924697
374,1625,6.751807
1894,1205,5.989102
1155,1920,3.179514
1091,1054,5.898112
1487,952,6.117189
294,746,5.952698
30,292,5.212029
1918,601,6.628342
244,1215,6.188388
1362,391,5.502253
1382,1441,5.695226
562,39,6.568261
818,1545,4.991077
1983,601,5.452508
1637,1140,5.809097
1127,362,7.472786
1570,241,2.344826
637,1651,6.812284
1984,844,7.008438
280,507,7.716584
1985,150,7.280842
1405,916,5.272247
661,1436,4.348307
350,1444,6.363975
1108,825,4.104092
1531,1572,6.225596
252,760,6.303382
1871,1097,7.082963
377,758,7.588018
976,1342,7.473238
1875,1570,3.121068
1024,1647,4.693923
1719,1981,6.272351
1955,49,4.921889
1389,1188,6.510833
1974,14,6.337294
1724,266,5.754203
1950,1772,5.924372
1687,1613,8.202473
1012,1879,6.122394
588,630,4.918291
1914,824,6.781751
401,1548,6.149060
1858,1098,4.872135
1639,1964,6.764242
415,1151,5.762571
852,404,7.192395
851,1879,7.675433
1397,600,5.062270
490,1858,6.165575
527,1418,7.369237
351,1064,6.065470
193,1301,6.347737
527,397,6.164341
1808,1746,7.103886
1986,1739,8.692466
506,862,6.250592
720,1698,5.504376
1197,1706,6.914508
1714,682,5.209882
1789,1857,3.886322
550,1597,5.181077
106,830,7.573840
457,1936,8.228976
1351,841,5.974518
810,797,5.001479
128,1295,5.999184
427,282,6.592581
861,1934,6.158758
1546,1530,6.834560
795,1071,6.482481
1184,1691,5.981796
1693,1304,7.104453
1174,843,5.382337
621,1891,4.773210
231,179,5.522578
609,1012,5.723847
807,216,2.520327
318,935,6.489221
523,58,6.723875
64,1052,6.683668
1623,870,3.891998
772,1766,5.133260
1838,65,5.488641
127,1964,6.709441
1229,1856,6.603617
1987,1223,3.507490
221,984,4.090136
452,860,5.326079
1317,984,5.425759
695,1907,6.656174
1823,1268,7.036552
1302,300,5.795627
1529,567,5.947381
1735,870,6.266878
1244,1294,2.727408
1913,1727,6.693215
281,834,2.831851
1406,1266,1.997542
742,1937,6.287341
549,1333,5.143980
1207,887,4.005204
133,1771,8.157473
697,1940,6.876418
271,1448,5.212778
1969,1968,6.454024
528,474,6.574849
1366,1064,6.584080
1983,602,5.717833
1789,1676,5.954576
1919,1183,7.419086
236,247,5.158576
1375,462,4.715158
424,1296,6.806396
1665,894,4.408478
1366,1183,7.652342
1069,1478,5.213464
1951,1672,5.373291
1730,1189,3.358528
1927,952,3.587348
461,101,6.158320
1069,1084,4.381309
1988,741,5.561336
1886,1980,4.127536
1482,1156,5.585251
2,1874,5.422219
818,1546,5.844420
1452,1689,7.309734
1875,1189,2.409072
1158,321,4.029375
1978,1843,6.503634
1193,371,9.820092
1980,1710,6.285232
1973,1295,7.989633
1749,720,7.966441
311,425,6.970192
348,308,4.086832
1678,1097,5.783531
855,706,6.085353
238,1989,7.960052
1927,714,3.558538
363,509,5.307937
138,1889,6.718088
343,1372,5.947657
134,1728,5.392866
1459,963,6.694537
1227,639,8.062902
95,1663,3.051225
1583,1985,7.141857
1340,1672,5.178468
276,376,4.789382
1516,669,5.831084
1038,1787,6.248936
1287,1248,6.040574
849,628,6.496740
628,1353,8.210485
1921,501,4.757588
22,1204,6.724821
1930,3,5.297740
609,261,5.769082
1922,299,4.486569
1287,1753,6.495287
1696,1230,4.153034
1542,1518,2.083165
1527,1094,4.595413
1425,426,6.279875
358,546,6.553306
1289,1293,2.603839
904,880,5.947957
890,1954,4.858775
1424,1498,5.741877
527,1840,6.980342
1010,1143,7.066721
384,1650,4.128302
279,1362,6.464171
2,1717,4.293675
1395,1847,7.856347
1253,664,6.970493
565,1963,4.517884
333,98,4.828386
355,784,2.735395
1972,957,5.597034
1165,1715,5.660940
173,298,5.727267
794,1923,4.050644
1750,33,6.134991
1836,866,7.964763
697,1503,6.182595
446,1990,7.632461
698,983,6.787322
847,1383,6.178745
306,846,5.541266
1207,1923,3.873126
1132,889,3.017149
1947,1183,8.849010
1736,617,6.820254
1765,1052,6.628814
679,1425,6.842818
1643,276,4.251906
1082,129,6.396884
989,1510,6.119514
918,1261,4.914093
1853,641,6.457379
1515,1829,7.053864
1991,1329,6.705580
1850,343,6.289814
99,1839,7.498584
1303,1067,6.197550
982,1250,6.983947
1956,1503,6.305865
573,186,7.160867
1741,1960,6.563152
1965,1338,7.775092
801,622,4.387569
631,1852,2.720254
814,1559,6.191753
618,1970,7.458369
58,824,6.734487
1354,939,4.692552
1992,219,6.581534
1490,952,5.979882
904,1432,6.585245
1931,1230,7.153834
1986,1254,8.553064
1596,1574,6.609243
629,1553,4.670264
66,266,8.456005
1053,897,6.207129
1943,1587,7.798178
1562,310,5.967484
823,409,7.020516
1533,685,7.667249
1812,559,5.129354
1892,1398,7.015012
1595,391,5.784499
100,1614,7.059084
1322,822,3.877468
910,1991,6.155630
369,1912,6.498816
1753,1966,7.687934
1386,255,6.909847
1361,0,7.686091
1610,1040,6.855585
1592,1542,2.284690
1696,1856,4.847698
1592,1378,3.990768
22,1221,6.379486
92,488,6.888631
344,771,4.875778
1599,1236,5.570871
622,1282,4.332215
1021,1774,6.642787
1705,1601,4.846670
1158,1235,6.329300
1377,1373,8.873858
570,1344,6.482656
1320,828,5.085011
386,1282,4.571013
1399,1854,6.770350
1826,1071,6.714293
521,497,6.003941
1074,1467,3.852492
1900,1627,7.451158
1949,259,6.961290
216,870,3.705806
1465,1188,7.926006
1499,446,7.807586
753,1582,5.840283
214,1266,2.836436
1769,1665,4.109299
940,1481,7.335357
1266,1242,2.039962
673,680,7.691528
1350,1591,7.694937
882,1980,5.098659
700,1791,6.917199
1439,1301,6.540773
216,1700,2.248844
1955,48,5.399590
902,1188,6.382401
398,1717,4.767405
845,1089,5.789829
1366,584,6.831880
269,570,6.567754
363,1278,5.534106
269,699,6.742820
341,1428,3.950454
1528,467,3.328030
538,328,7.201734
1531,1120,4.927020
1789,126,4.104007
1088,958,6.558100
528,1395,6.788652
1817,853,6.399859
777,81,3.314974
477,1977,2.372429
603,327,4.713796
1781,411,7.430072
288,1093,5.056785
1182,1919,7.837297
1425,1828,4.944919
300,450,6.333272
1552,474,5.661618
982,1292,5.323504
1673,1394,4.794539
502,1976,7.429336
753,561,5.315220
656,1501,6.152814
679,1843,6.719595
1334,1381,1.414311
631,1674,2.934172
336,479,2.038054
1557,1985,7.184428
958,100,4.767255
1824,1210,6.921151
724,1352,6.836842
1935,1193,9.579700
456,1338,7.580775
1966,1248,6.507703
230,1832,6.727406
794,1023,2.685238
1011,1951,6.287610
1560,1055,6.917336
877,836,7.463065
1695,1232,6.358770
1754,1822,6.279033
599,949,4.779205
1004,303,5.961698
1859,1073,6.753109
1182,852,6.473048
380,1334,2.183807
1815,1196,2.947358
1735,1939,5.264697
1469,943,5.719035
1620,1073,6.256447
980,1238,5.736350
1718,1905,7.966276
940,138,6.245453
277,963,4.093977
590,581,7.619392
627,850,6.218018
701,1451,6.251201
1993,834,2.870208
1109,223,5.578651
429,1294,6.242048
182,525,6.116195
1195,1581,5.107648
655,558,5.538670
1994,641,4.877593
1469,611,4.651179
790,251,6.664100
1018,214,2.653984
838,509,5.120403
929,1558,6.549181
1131,857,7.060127
1014,1292,6.174559
254,261,6.036642
1330,1825,3.720990
1762,581,7.039348
551,1357,5.877444
1755,962,5.314183
587,1627,7.278924
1848,1708,5.150041
1699,227,5.645909
1631,1268,5.469727
1773,1775,4.774965
1932,985,2.575468
862,1170,5.959915
1884,1979,7.838094
1622,1933,6.023192
1860,14,6.480857
1929,1800,6.171975
1715,249,5.082645
461,1979,5.674088
1913,1292,6.978995
386,621,4.325535
9,1811,6.015382
1473,1733,6.012696
1124,905,6.477736
1130,1193,8.787478
1633,1807,6.364528
1522,1397,4.509506
228,1293,1.834418
710,1039,7.170502
1410,1042,4.917248
563,129,6.217775
597,1242,2.489563
91,166,6.021118
562,1995,7.185412
747,978,4.386647
1736,230,4.781934
703,859,4.660330
1260,102,5.419725
709,1604,4.107244
1815,1310,3.029424
748,365,6.654031
1013,261,6.851561
1491,1331,5.889115
1361,1237,6.862171
810,1084,4.356720
1866,916,5.910520
1930,875,5.784331
1973,585,7.929146
1015,1078,7.499671
1058,1657,5.356678
189,350,4.977144
1567,783,3.360160
1180,1299,2.596766
1759,455,7.289096
1479,236,4.403138
1192,126,5.969340
653,1077,6.375549
1996,544,7.907494
351,618,6.889720
895,202,5.448383
1058,1271,5.785688
1218,717,6.260466
28,1488,6.562633
823,1063,7.024037
1909,932,5.992768
1415,300,5.325554
1988,724,5.037545
1984,316,6.284673
897,1451,6.897944
514,662,6.178201
46,319,5.952737
343,493,6.657215
1050,977,7.803596
1220,1524,6.681604
201,282,6.338485
1684,1095,3.422777
894,1863,2.796810
1580,1120,4.974322
807,1635,6.426708
1957,968,2.449537
713,1715,6.486501
1309,292,6.474763
574,1713,8.772058
1417,1639,6.292906
1311,1990,7.674075
1369,1195,6.064828
1547,322,4.321402
643,1664,5.188801
1778,405,5.087970
210,1148,7.004534
1287,511,5.314563
1447,1874,6.516048
1646,1205,5.832815
1550,432,4.744760
1792,1411,5.953283
382,1958,5.954242
486,587,6.822848
189,694,6.525196
1335,1381,2.718303
1528,625,2.521053
1801,1079,2.559968
1994,983,7.315187
1322,421,4.201841
1638,480,1.971785
750,565,4.172731
1091,1175,6.254636
142,1090,5.685022
240,1045,2.281551
6,1304,6.599035
1343,1427,6.822695
1996,251,7.620316
1900,486,7.497088
1849,792,6.380127
18,471,6.502034
948,63,6.337725
1757,1978,7.802727
1124,921,6.870437
1664,1474,6.062560
742,553,6.728483
1939,1842,6.008082
132,430,6.240714
1198,1904,5.053008
937,1032,3.485207
781,1282,4.191724
735,1933,5.158524
1457,150,6.935622
147,1110,6.983949
1945,439,6.996073
1798,828,4.515705
1910,741,6.111807
1841,1637,5.822762
1142,1136,7.016348
1632,1950,6.179686
205,1597,5.587824
105,695,5.497319
1284,1981,6.298420
1645,1092,5.193577
1609,340,5.137321
1473,68,5.251900
1900,587,7.233533
1489,750,4.968643
1550,1232,5.519415
1687,1167,7.893017
1419,1154,6.865286
1640,707,6.606359
1628,555,6.856344
1761,1716,4.776485
1054,1856,5.275396
1026,102,4.751427
1762,1594,6.055378
1452,220,5.808844
22,1894,6.241592
1993,894,3.006680
1253,403,5.708192
1299,1680,2.416151
52,231,5.133179
1946,1168,6.802266
184,61,7.353527
1376,139,6.249066
722,227,5.347675
1198,1060,5.261221
704,1961,6.684294
1795,243,6.585006
1978,1460,6.509804
192,433,3.559655
516,1511,6.918806
1280,1907,6.380986
1833,388,3.209178
1191,435,6.063469
513,502,5.792532
192,114,3.261958
1158,1748,4.759198
236,458,4.907568
924,1484,5.040447
635,1987,3.628106
1797,1906,5.957705
1910,1352,6.773376
1423,257,6.293603
1569,1254,8.418878
545,320,7.540596
1343,570,7.363544
171,1885,7.423125
115,315,6.936343
653,672,7.146693
128,524,7.302936
1975,71,5.906420
1824,1125,6.538913
286,810,4.864367
665,1059,6.197937
989,506,5.595575
1554,153,4.472475
7,1870,5.992202
845,648,4.344302
1447,1021,6.393814
1788,212,6.508214
1975,1991,5.935066
775,1306,5.988310
350,1559,6.007809
1114,1604,4.732818
1777,782,4.673951
298,156,6.173892
985,1189,2.808254
1398,1893,7.324772
1919,325,7.820778
1316,190,4.462073
1410,1496,5.158832
1345,1623,3.210682
792,118,4.280027
1736,616,5.719364
1415,842,6.101207
1765,98,5.399902
1996,664,7.698165
519,1150,1.686712
288,9,6.212960
810,540,4.514713
276,287,4.406430
467,1863,3.317186
10,1902,6.057208
653,1864,6.705207
1877,1260,5.144931
1198,801,4.804371
635,229,2.357391
1091,843,5.922683
1499,865,7.601545
1979,1161,5.417340
1969,6,6.461095
1824,1452,6.040901
654,1864,6.656986
1997,672,7.204533
1703,1845,6.690128
1998,396,6.081476
753,1104,5.161158
1986,1268,8.627326
1749,359,7.485929
1752,504,6.257547
1412,834,3.054242
1131,1180,2.459621
1581,1576,4.676194
456,669,6.185565
266,1056,5.598848
1944,1313,6.706622
1263,1952,7.997363
1045,888,1.655157
1311,1506,7.100040
1946,873,6.696913
1769,1412,3.427853
852,966,5.569362
1882,1548,4.757365
348,307,5.816527
1606,1084,6.548933
1158,1695,6.376093
32,159,5.212324
1024,153,4.220788
547,407,6.234704
1798,1146,5.045046
743,1462,6.662251
1048,166,7.046644
1780,1335,3.790344
1337,955,7.673384
1871,1127,5.027879
1340,1084,5.087694
16,1384,6.321515
1937,1803,7.281649
36,424,6.142542
51,369,6.006787
844,648,3.771505
216,126,3.398177
1943,208,8.061898
1559,1444,6.106834
1884,462,7.686360
1380,962,5.779844
1752,741,4.611551
196,1063,5.882079
1299,1310,2.601351
1626,2,5.639873
687,1600,4.927151
1728,1205,6.760773
531,1594,6.364639
452,1535,2.320008
300,1855,6.585757
1121,1933,5.922274
1738,732,6.701918
132,1230,5.595824
1227,527,6.516726
840,1869,6.166913
1566,1849,6.457896
1935,1947,9.144231
892,239,5.199834
206,123,7.046405
1624,1118,5.680772
111,1885,7.423467
677,1763,5.642028
1431,225,5.871231
34,165,7.036079
641,159,5.406390
142,1306,4.602737
336,1638,1.567416
1965,955,7.687285
255,292,6.420802
571,546,7.245825
89,494,5.407761
489,1837,7.093489
1002,922,6.103284
1455,771,6.052027
1751,1853,7.056319
1605,1006,7.637310
735,348,4.515485
1214,244,6.407428
910,71,4.674306
487,1640,5.297642
1740,1254,8.218091
1685,1709,6.386466
1796,1185,6.375830
791,215,5.205956
1058,666,6.946393
1688,1613,7.286178
1211,1640,5.640559
467,625,2.937841
545,699,7.635456
1841,444,5.630477
1773,494,4.455651
1280,421,5.540789
690,720,5.970804
1763,1730,5.969187
1529,385,5.888230
1446,1264,6.204073
1233,1397,5.352453
630,1692,5.866301
1049,868,5.219460
1941,565,5.660294
1166,632,2.528271
91,1564,7.003965
1760,799,6.509625
1231,1132,5.860615
661,1359,4.713474
59,1810,6.829495
1185,1941,5.362614
1319,1390,5.721401
395,1300,6.106454
1882,402,5.535842
1340,1144,7.119452
510,333,3.905857
1157,1895,6.035196
317,1010,6.018039
629,239,4.410655
42,424,5.941104
591,1444,5.723501
1619,1085,6.709919
176,16,5.786336
1160,1042,4.901426
1861,991,6.873253
446,1500,7.286360
1276,1494,7.487670
793,1987,3.501262
1062,947,6.736891
1724,702,6.136180
1374,600,5.163445
1124,1364,7.378209
1124,536,7.092469
1916,733,5.379928
361,1292,6.213552
1145,762,5.709177
1662,703,5.076940
660,1830,7.662181
722,1136,6.863806
1868,130,6.674226
1340,1734,5.150548
1163,126,6.833034
340,1709,5.357754
1997,326,7.614094
1108,389,4.815916
1246,1118,6.465757
704,1553,5.057980
1022,1809,6.044262
1652,448,7.026606
1424,1723,7.959560
619,1184,5.813157
194,249,6.684737
1508,564,6.618403
918,1224,5.136876
1298,1680,2.780846
1908,1410,6.352769
1091,1174,5.454231
1096,1699,5.473458
739,1537,7.272037
310,1760,6.553140
1087,223,6.232953
1261,1093,5.121678
1816,501,3.896133
640,1720,6.974061
1974,202,5.840086
1610,21,6.824508
1220,1903,6.449283
1873,1446,5.027422
709,321,3.840079
977,1712,7.655921
1637,1677,5.527411
1858,1085,6.362727
229,1539,2.440243
1693,1982,6.935131
972,534,7.537675
596,1938,7.606357
1503,1820,6.241702
1940,731,6.331244
816,1237,6.796522
1314,1323,3.479660
695,994,7.037023
102,996,5.356455
33,1348,6.678224
434,1458,3.275278
1098,963,5.069536
1237,1416,7.830808
226,1739,4.962949
1441,213,6.918824
1883,645,4.446184
1584,1602,6.506348
1516,670,4.666699
1592,1977,2.629458
1945,269,6.876991
1216,408,7.053542
1426,1999,8.079446
605,307,5.685700
607,715,7.003003
1601,1612,6.690197
1347,1084,5.712614
49,4,5.882596
548,1333,4.813422
380,1381,2.005333
483,1117,5.102745
1330,473,4.421375
451,1663,3.015227
1526,1590,4.404046
1834,1225,7.367593
280,1170,7.652188
1083,55,7.397018
789,664,6.903522
1977,478,3.133407
1307,865,7.022981
676,174,6.214833
1475,82,4.838434
611,510,3.842231
1957,164,2.801299
1488,296,6.104627
1743,1726,7.342055
1111,1727,8.452649
612,1666,3.630184
1208,128,7.296845
834,468,2.731780
1648,511,8.819651
1873,3,5.292649
787,915,4.672583
1357,1020,5.429845
1585,1731,7.726134
1980,662,5.029212
1960,473,6.656139
1930,1928,5.514446
1355,1655,4.995932
1371,712,6.569724
535,1408,6.389484
933,1172,5.434497
1556,853,6.807148
1479,1741,5.004226
1999,766,8.257948
414,1859,7.343627
793,453,3.495961
1088,1279,7.087474
212,847,6.609713
1226,951,5.554938
1461,1588,5.865660
1104,1548,5.583001
1561,634,6.805161
875,89,5.461615
111,1538,7.041908
1744,798,4.156587
1417,591,4.796963
35,1005,5.170094
1460,1822,6.496458
1411,145,5.591472
438,710,7.607949
342,183,6.970687
1543,445,7.730023
1184,1139,7.333602
536,921,4.608654
552,93,6.144805
1569,1893,5.422341
1290,1739,5.919368
1684,1815,3.507499
1176,1785,7.161422
340,421,4.891040
136,1608,7.973006
306,1683,7.095640
1816,1669,4.643574
953,757,7.865767
1555,1657,6.292295
523,1614,6.983196
253,1344,6.633259
724,831,5.661633
1794,921,5.801777
812,1101,4.717696
739,1952,7.879893
808,1791,5.940084
1387,1362,5.473119
1902,52,6.172586
1714,736,4.247875
1331,1234,4.336326
698,1845,7.209383
861,1023,2.767386
1993,417,3.377916
1588,1362,5.859674
1012,75,6.461385
1029,25,5.769587
1834,1524,6.576946
1340,1321,5.083333
1555,1807,6.144063
778,1036,6.765108
495,760,6.725234
1948,1869,6.194581
538,16,5.783051
1463,1139,7.591472
552,1640,4.814766
1676,126,5.960408
1424,1931,7.309148
451,94,2.713794
1962,1379,6.424098
144,2,5.418441
1882,753,5.292546
1220,1525,5.138132
206,1953,5.331578
979,1087,5.907407
1509,765,6.426394
1046,298,6.637210
228,118,2.840716
1577,1794,6.746786
1489,206,5.264432
1004,35,5.322872
1413,1651,7.249120
1696,1498,5.924321
151,1906,6.031403
1886,733,5.307888
735,762,5.288692
1520,1599,3.289390
111,1167,7.698085
970,1372,6.593285
933,1961,6.539618
1640,1803,5.484733
41,1886,4.914710
1002,230,4.509618
858,378,4.695592
268,1450,2.778381
1793,58,5.478337
1114,1282,5.331137
1945,1510,6.015369
1883,649,2.806051
313,1666,4.594999
1775,3,4.395868
305,1407,8.084877
1834,135,6.002439
1889,1759,7.173587
207,1713,8.319196
1736,27,5.508517
1054,1696,4.343126
1762,1193,9.072112
1754,1460,5.968701
1306,1090,5.666607
1272,127,3.969226
1489,45,5.280769
992,383,6.122977
1253,544,7.169078
1929,1948,5.404290
1526,796,4.006095
1922,1670,3.461324
1074,324,4.512117
1943,1740,8.617088
221,1703,5.775338
346,609,5.415637
265,1285,5.735157
1805,1425,6.766538
1298,1180,2.776700
737,1860,6.778502
749,1601,7.033175
1266,1801,2.606115
368,874,2.883367
1664,644,6.019059
1772,288,4.773130
1617,1375,5.226848
1288,156,6.215822
1586,1962,5.714269
1818,568,7.078864
900,1971,7.066175
936,1391,6.866827
967,1928,4.751773
499,1538,7.393164
281,952,3.680034
1609,996,4.306075
418,1727,6.427454
258,852,5.989817
1570,986,2.657826
1630,1712,6.325973
508,10,6.618209
1199,1047,5.384882
264,1888,7.611538
1469,24,5.039109
640,230,4.585806
1821,1004,5.579342
582,1622,6.747031
1984,410,7.073399
1500,689,7.395924
832,100,5.345688
603,1699,5.363215
1425,764,6.316513
1831,1344,7.063610
1562,1312,6.668805
1868,131,7.665436
1249,1637,5.827939
331,659,6.966555
592,903,5.704405
1737,966,7.335018
1529,1819,5.103910
1826,295,6.472686
1972,300,5.144128
1867,800,7.345463
1336,430,6.756176
1982,1389,5.846410
1145,617,6.934194
1959,538,5.627955
1770,608,7.536889
1314,633,6.087841
1107,1285,4.322716
992,1220,5.624124
1086,1485,7.293616
1690,51,6.117254
1251,969,5.550513
130,1563,6.911672
1958,383,6.784768
1956,1820,6.983724
413,882,4.149942
1925,1942,6.188763
1527,1122,6.161287
1460,1328,6.593441
1892,1397,7.498167
1827,275,4.191748
1974,1493,6.091177
1821,1048,6.520367
1731,1544,6.419127
276,332,4.153409
1216,409,5.791799
1091,1433,6.964353
1012,610,4.209977
855,80,6.383066
1076,1909,7.040467
1844,1976,7.151696
1259,1498,7.785122
1988,1149,6.103323
1795,506,7.111263
377,1895,6.872427
1289,228,2.676398
1243,431,7.148111
267,1997,7.689367
1094,168,3.982795
629,1761,4.589800
1062,946,7.204095
1256,1556,6.691134
1533,39,7.202648
964,1074,4.970735
1445,71,5.438348
217,1857,2.225493
701,31,5.820355
481,1240,5.622978
265,1004,4.773161
181,555,5.361252
1483,1691,5.825663
792,501,3.883341
1743,1144,8.069474
1835,563,5.475442
1998,996,7.085001
361,1445,6.482966
686,950,3.929396
1570,114,3.665416
239,1553,4.674046
1823,1519,6.639275
1382,213,6.943108
1662,1173,5.196219
314,1629,6.192780
1685,1428,6.556877
1479,1673,4.735630
1609,102,5.251351
1557,580,6.990787
1182,1533,6.305225
513,1213,5.331711
1638,973,2.029365
1689,29,6.367197
1028,481,5.222643
343,1903,6.918940
1850,492,6.543891
1395,1103,6.970467
898,1252,6.870222
51,1224,5.765618
774,881,4.481200
374,78,6.173477
176,206,5.534028
1924,1175,8.252185
1920,614,6.036356
877,1990,7.208712
1158,995,4.707119
1341,225,6.553361
268,432,2.579072
1264,1874,6.073629
1818,1614,7.341027
867,1770,7.294978
1983,3,5.639348
1012,74,6.572888
874,480,2.587763
1852,356,3.356196
636,188,2.642325
1263,1267,7.669353
1551,900,6.542963
1380,1313,6.508029
1340,850,5.285224
1044,888,2.067801
1866,97,5.636945
1321,1084,5.152311
1413,140,7.256459
1998,397,5.441990
1099,647,2.007196
84,480,2.283542
981,127,3.886146
735,939,4.680288
1914,58,6.122308
1967,415,4.233821
1483,1692,6.190701
604,285,5.678823
1256,1649,5.288247
1771,1737,7.423463
1208,740,7.698188
673,764,6.855593
154,1791,6.229372
482,1672,5.205191
774,1717,4.435130
59,881,5.812682
1352,1746,6.842176
1191,1576,5.634888
359,660,6.012504
858,1989,8.261149
1735,768,7.216276
374,1686,6.806707
1959,1005,5.852556
193,362,7.256458
1776,174,6.263569
1468,78,5.495552
1869,721,6.219555
779,1454,4.782398
871,775,6.439798
683,251,6.438720
1576,1710,5.793387
813,285,5.634404
1516,1064,5.931550
1213,310,5.044460
250,999,5.425728
1828,1297,8.423851
161,1502,6.343841
1853,221,6.564991
1872,400,6.954057
718,1554,4.683726
267,311,6.687624
610,1879,6.785206
730,919,6.792668
742,1640,6.241294
910,1975,4.797358
751,846,5.585680
1409,517,6.298774
1886,1105,4.758081
599,1804,4.679886
652,1912,6.976223
1340,730,6.570844
1862,1267,6.540696
1326,1130,7.833075
1507,227,5.834576
1255,1380,6.243821
64,1669,4.660518
1838,1057,4.795950
801,1701,7.147278
1835,1082,5.163312
434,113,5.126191
811,82,5.574064
348,682,4.981579
1752,732,6.486398
582,1007,8.057496
995,1547,4.224327
1230,1856,5.387136
1373,1888,6.917619
189,1417,5.441853
414,1072,5.696255
1440,886,5.995882
1147,258,5.883834
1994,1125,5.811249
1456,1222,6.472349
155,1661,6.008725
1454,556,5.098279
1565,1926,5.701037
199,421,5.338651
1549,663,6.525284
1812,1718,5.947601
1738,345,5.100695
1149,965,7.074300
1418,1228,7.143519
1136,1612,6.693143
1898,411,8.031296
994,1839,7.164433
194,799,5.294263
1762,839,5.715854
1619,644,6.607160
106,1007,8.668821
1171,1156,6.180590
876,243,5.573551
1480,135,5.952337
34,1728,6.797347
1994,1820,6.342024
286,503,4.931633
882,1397,4.759892
1049,497,5.951294
1773,2,4.299159
1509,1999,8.430685
781,1901,6.589833
745,1600,4.211036
1069,540,4.569942
1757,1971,7.808117
447,1995,7.157485
1815,1899,3.941331
1768,1034,5.516949
382,1162,5.552392
56,1936,8.460065
1881,839,6.280315
1897,830,7.037328
579,1972,6.630626
343,1851,6.743715
1089,1071,6.390874
1452,1511,6.327168
1992,593,6.387952
477,417,2.450469
706,896,6.828532
1824,1750,6.533299
346,1012,4.854514
97,916,5.564616
1623,1349,7.693505
587,1297,9.147754
459,803,6.143880
621,1904,4.779459
1660,478,2.605587
1621,1072,5.930745
1161,462,4.294435
258,400,6.914010
691,800,5.528964
295,815,5.212395
1552,1063,5.735353
1053,1407,6.411772
736,334,5.503508
1670,1604,4.594553
798,1682,7.274717
750,1963,5.262222
1580,327,5.558162
157,911,5.398445
1197,1237,6.571983
1992,147,5.968438
277,48,4.761329
314,1590,3.828106
1481,139,7.703195
1918,1038,6.372028
248,1715,4.833573
976,1367,7.705516
1782,14,7.375008
1129,2,5.503319
469,1764,5.137798
1792,1715,4.065369
51,1296,7.432148
756,1268,7.421753
298,944,6.998878
81,356,2.151512
1097,1679,5.525292
1711,539,6.890775
938,1899,4.305425
1583,953,7.788470
870,802,5.151698
961,900,7.334157
1920,1504,2.988467
773,1230,6.326948
1536,1078,6.451537
349,302,5.310466
1384,1953,5.729323
352,1970,7.012087
433,595,2.967936
562,932,6.961016
136,640,4.905986
1995,932,7.004037
1586,1313,6.400488
1534,221,4.543486
341,1709,4.918884
975,1858,6.315714
1890,1430,3.280089
1563,91,7.625248
1413,1533,6.036574
1201,1279,6.988463
674,72,7.064026
1726,696,6.899125
72,957,6.284600
1446,2,4.367768
564,1889,7.065753
1547,1922,4.246423
121,702,5.482777
1156,1775,5.505821
1405,1566,3.912940
503,1084,4.512710
805,326,8.105072
1014,1445,7.290699
621,1440,4.823692
201,442,7.517673
1489,44,5.471171
1915,1870,6.124015
773,1082,6.148437
48,1858,5.371640
747,1604,4.367045
1989,743,8.285365